Aerodynamic Panel Definition

Number of Wings = 3

Wing 1
Number of chordwise panel increments m =   12
Number of spanwise panel increments  n =   12
BC1=10
BC2=100

		Leading Edge Main Root Side Point              Trailing Edge Main Root Side Point               Leading Edge Main Tip Side Point               Trailing Edge Main Tip Side Point
Index   	x1LE        	y1LE        	z1LE        	x1TE        	y1TE        	z1TE        	x2LE        	y2LE        	z2LE        	x2TE        	y2TE        	z2TE
	Control Points
	Control Point Normals#
1		42.527421	0.000000	-0.287727	42.527421	0.000000	-0.287727	44.989923	6.670287	-0.276977	47.603503	6.722759	-0.655203
		44.412067	3.348262	-0.376909
		0.237542	-0.089253	0.967268
2		44.989923	6.670287	-0.276977	47.603503	6.722759	-0.655203	47.638623	13.844937	-0.265414	47.638623	13.844937	-0.265414
		46.967668	10.270730	-0.365752
		0.242549	-0.091100	0.965852
3		47.638623	13.844937	-0.265414	47.638623	13.844937	-0.265414	50.287323	21.019588	-0.253851	52.623200	21.066486	-0.591893
		49.546943	17.443987	-0.344143
		0.237100	-0.089091	0.967392
4		50.287323	21.019588	-0.253851	52.623200	21.066486	-0.591893	52.936024	28.194239	-0.242289	52.936024	28.194239	-0.242289
		52.195643	24.618638	-0.332580
		0.242875	-0.091220	0.965759
5		52.936024	28.194239	-0.242289	52.936024	28.194239	-0.242289	55.584724	35.368890	-0.230726	57.642897	35.410212	-0.528583
		54.774917	31.791895	-0.310972
		0.236737	-0.088956	0.967493
6		55.584724	35.368890	-0.230726	57.642897	35.410212	-0.528583	58.233424	42.543540	-0.219163	58.233424	42.543540	-0.219163
		57.423617	38.966546	-0.299409
		0.243293	-0.091374	0.965639
7		58.233424	42.543540	-0.219163	58.233424	42.543540	-0.219163	60.882124	49.718191	-0.207600	62.662594	49.753938	-0.465274
		60.002892	46.139803	-0.277800
		0.236264	-0.088782	0.967624
8		60.882124	49.718191	-0.207600	62.662594	49.753938	-0.465274	63.530824	56.892842	-0.196037	63.530824	56.892842	-0.196037
		62.651592	53.314453	-0.266237
		0.243846	-0.091578	0.965481
9		63.530824	56.892842	-0.196037	63.530824	56.892842	-0.196037	66.179524	64.067493	-0.184474	67.682291	64.097665	-0.401964
		65.230866	60.487710	-0.244628
		0.235624	-0.088546	0.967802
10		66.179524	64.067493	-0.184474	67.682291	64.097665	-0.401964	68.828225	71.242143	-0.172912	68.828225	71.242143	-0.172912
		67.879566	67.662361	-0.233065
		0.244613	-0.091861	0.965260
11		68.828225	71.242143	-0.172912	68.828225	71.242143	-0.172912	71.476925	78.416794	-0.161349	72.701988	78.441391	-0.338654
		70.458841	74.835618	-0.211457
		0.234711	-0.088209	0.968055
12		71.476925	78.416794	-0.161349	72.701988	78.441391	-0.338654	74.125625	85.591445	-0.149786	74.125625	85.591445	-0.149786
		73.107541	82.010269	-0.199894
		0.245749	-0.092280	0.964931
13		42.527421	0.000000	-0.287727	45.250822	0.000000	-0.684875	47.603503	6.722759	-0.655203	47.603503	6.722759	-0.655203
		45.746313	3.361380	-0.570752
		-0.239114	0.089833	-0.966827
14		47.603503	6.722759	-0.655203	47.603503	6.722759	-0.655203	47.638623	13.844937	-0.265414	50.113352	13.894622	-0.623548
		48.239746	10.296270	-0.549842
		-0.240827	0.093847	-0.966020
15		47.638623	13.844937	-0.265414	50.113352	13.894622	-0.623548	52.623200	21.066486	-0.591893	52.623200	21.066486	-0.591893
		50.749594	17.468133	-0.518187
		-0.238967	0.089779	-0.966868
16		52.623200	21.066486	-0.591893	52.623200	21.066486	-0.591893	52.936024	28.194239	-0.242289	55.133049	28.238349	-0.560238
		53.328868	24.641390	-0.496578
		-0.240937	0.093885	-0.965989
17		52.936024	28.194239	-0.242289	55.133049	28.238349	-0.560238	57.642897	35.410212	-0.528583	57.642897	35.410212	-0.528583
		55.838717	31.813253	-0.464923
		-0.238847	0.089735	-0.966902
18		57.642897	35.410212	-0.528583	57.642897	35.410212	-0.528583	58.233424	42.543540	-0.219163	60.152746	42.582075	-0.496928
		58.417991	38.986510	-0.443314
		-0.241077	0.093935	-0.965949
19		58.233424	42.543540	-0.219163	60.152746	42.582075	-0.496928	62.662594	49.753938	-0.465274	62.662594	49.753938	-0.465274
		60.927840	46.158373	-0.411660
		-0.238691	0.089677	-0.966946
20		62.662594	49.753938	-0.465274	62.662594	49.753938	-0.465274	63.530824	56.892842	-0.196037	65.172443	56.925801	-0.433619
		63.507114	53.331630	-0.390051
		-0.241263	0.094000	-0.965897
21		63.530824	56.892842	-0.196037	65.172443	56.925801	-0.433619	67.682291	64.097665	-0.401964	67.682291	64.097665	-0.401964
		66.016963	60.503493	-0.358396
		-0.238480	0.089599	-0.967005
22		67.682291	64.097665	-0.401964	67.682291	64.097665	-0.401964	68.828225	71.242143	-0.172912	70.192140	71.269528	-0.370309
		68.596237	67.676750	-0.336787
		-0.241522	0.094090	-0.965823
23		68.828225	71.242143	-0.172912	70.192140	71.269528	-0.370309	72.701988	78.441391	-0.338654	72.701988	78.441391	-0.338654
		71.106085	74.848613	-0.305132
		-0.238179	0.089488	-0.967090
24		72.701988	78.441391	-0.338654	72.701988	78.441391	-0.338654	74.125625	85.591445	-0.149786	75.211837	85.613254	-0.306999
		73.685360	82.021870	-0.283523
		-0.241904	0.094224	-0.965714
25		45.250822	0.000000	-0.684875	45.250822	0.000000	-0.684875	47.603503	6.722759	-0.655203	50.001307	6.855649	-1.503459
		47.026614	3.394602	-0.882103
		0.275197	-0.105865	0.955541
26		47.603503	6.722759	-0.655203	50.001307	6.855649	-1.503459	50.113352	13.894622	-0.623548	50.113352	13.894622	-0.623548
		49.457879	10.341913	-0.851439
		0.277133	-0.106541	0.954906
27		50.113352	13.894622	-0.623548	50.113352	13.894622	-0.623548	52.623200	21.066486	-0.591893	54.766227	21.185256	-1.350022
		51.904033	17.510247	-0.797253
		0.275099	-0.105830	0.955573
28		52.623200	21.066486	-0.591893	54.766227	21.185256	-1.350022	55.133049	28.238349	-0.560238	55.133049	28.238349	-0.560238
		54.413881	24.682110	-0.765598
		0.277256	-0.106584	0.954866
29		55.133049	28.238349	-0.560238	55.133049	28.238349	-0.560238	57.642897	35.410212	-0.528583	59.531147	35.514862	-1.196586
		56.860036	31.850443	-0.711411
		0.274965	-0.105783	0.955617
30		57.642897	35.410212	-0.528583	59.531147	35.514862	-1.196586	60.152746	42.582075	-0.496928	60.152746	42.582075	-0.496928
		59.369884	39.022306	-0.679756
		0.277413	-0.106639	0.954814
31		60.152746	42.582075	-0.496928	60.152746	42.582075	-0.496928	62.662594	49.753938	-0.465274	64.296067	49.844469	-1.043149
		61.816038	46.190639	-0.625570
		0.274789	-0.105722	0.955674
32		62.662594	49.753938	-0.465274	64.296067	49.844469	-1.043149	65.172443	56.925801	-0.433619	65.172443	56.925801	-0.433619
		64.325887	53.362503	-0.593915
		0.277621	-0.106712	0.954746
33		65.172443	56.925801	-0.433619	65.172443	56.925801	-0.433619	67.682291	64.097665	-0.401964	69.060987	64.174076	-0.889712
		66.772041	60.530836	-0.539728
		0.274553	-0.105639	0.955752
34		67.682291	64.097665	-0.401964	69.060987	64.174076	-0.889712	70.192140	71.269528	-0.370309	70.192140	71.269528	-0.370309
		69.281890	67.702699	-0.508073
		0.277910	-0.106813	0.954650
35		70.192140	71.269528	-0.370309	70.192140	71.269528	-0.370309	72.701988	78.441391	-0.338654	73.825908	78.503683	-0.736276
		71.728044	74.871032	-0.453887
		0.274214	-0.105521	0.955862
36		72.701988	78.441391	-0.338654	73.825908	78.503683	-0.736276	75.211837	85.613254	-0.306999	75.211837	85.613254	-0.306999
		74.237892	82.042895	-0.422232
		0.278337	-0.106962	0.954509
37		45.250822	0.000000	-0.684875	47.721648	0.000000	-1.576867	50.001307	6.855649	-1.503459	50.001307	6.855649	-1.503459
		48.243771	3.427824	-1.317165
		-0.347418	0.131070	-0.928505
38		50.001307	6.855649	-1.503459	50.001307	6.855649	-1.503459	50.113352	13.894622	-0.623548	52.383767	14.020452	-1.426741
		50.624933	10.406593	-1.264302
		-0.349371	0.133028	-0.927493
39		50.113352	13.894622	-0.623548	52.383767	14.020452	-1.426741	54.766227	21.185256	-1.350022	54.766227	21.185256	-1.350022
		53.007393	17.571396	-1.187583
		-0.347351	0.131047	-0.928533
40		54.766227	21.185256	-1.350022	54.766227	21.185256	-1.350022	55.133049	28.238349	-0.560238	57.148687	28.350059	-1.273304
		55.453548	24.739730	-1.133397
		-0.349492	0.133068	-0.927442
41		55.133049	28.238349	-0.560238	57.148687	28.350059	-1.273304	59.531147	35.514862	-1.196586	59.531147	35.514862	-1.196586
		57.836008	31.904533	-1.056678
		-0.347217	0.131000	-0.928590
42		59.531147	35.514862	-1.196586	59.531147	35.514862	-1.196586	60.152746	42.582075	-0.496928	61.913607	42.679666	-1.119867
		60.282162	39.072866	-1.002492
		-0.349648	0.133119	-0.927376
43		60.152746	42.582075	-0.496928	61.913607	42.679666	-1.119867	64.296067	49.844469	-1.043149	64.296067	49.844469	-1.043149
		62.664622	46.237670	-0.925773
		-0.347044	0.130940	-0.928663
44		64.296067	49.844469	-1.043149	64.296067	49.844469	-1.043149	65.172443	56.925801	-0.433619	66.678527	57.009273	-0.966431
		65.110776	53.406003	-0.871587
		-0.349854	0.133186	-0.927288
45		65.172443	56.925801	-0.433619	66.678527	57.009273	-0.966431	69.060987	64.174076	-0.889712	69.060987	64.174076	-0.889712
		67.493236	60.570806	-0.794868
		-0.346809	0.130858	-0.928762
46		69.060987	64.174076	-0.889712	69.060987	64.174076	-0.889712	70.192140	71.269528	-0.370309	71.443447	71.338879	-0.812994
		69.939391	67.739140	-0.740682
		-0.350139	0.133280	-0.927167
47		70.192140	71.269528	-0.370309	71.443447	71.338879	-0.812994	73.825908	78.503683	-0.736276	73.825908	78.503683	-0.736276
		72.321851	74.903943	-0.663964
		-0.346474	0.130741	-0.928904
48		73.825908	78.503683	-0.736276	73.825908	78.503683	-0.736276	75.211837	85.613254	-0.306999	76.208368	85.668486	-0.659557
		74.768005	82.072276	-0.609777
		-0.350562	0.133419	-0.926987
49		47.721648	0.000000	-1.576867	47.721648	0.000000	-1.576867	50.001307	6.855649	-1.503459	52.293415	7.027929	-2.581956
		49.434505	3.470895	-1.809787
		0.403599	-0.150809	0.902421
50		50.001307	6.855649	-1.503459	52.293415	7.027929	-2.581956	52.383767	14.020452	-1.426741	52.383767	14.020452	-1.426741
		51.765564	10.481121	-1.734724
		0.404818	-0.151208	0.901809
51		52.383767	14.020452	-1.426741	52.383767	14.020452	-1.426741	54.766227	21.185256	-1.350022	56.814788	21.339231	-2.313928
		54.087138	17.641348	-1.629358
		0.403689	-0.150839	0.902376
52		54.766227	21.185256	-1.350022	56.814788	21.339231	-2.313928	57.148687	28.350059	-1.273304	57.148687	28.350059	-1.273304
		56.469598	24.806151	-1.552640
		0.404887	-0.151231	0.901774
53		57.148687	28.350059	-1.273304	57.148687	28.350059	-1.273304	59.531147	35.514862	-1.196586	61.336162	35.650533	-2.045900
		58.791171	31.966378	-1.447274
		0.403615	-0.150814	0.902413
54		59.531147	35.514862	-1.196586	61.336162	35.650533	-2.045900	61.913607	42.679666	-1.119867	61.913607	42.679666	-1.119867
		61.173631	39.131182	-1.370555
		0.404975	-0.151259	0.901730
55		61.913607	42.679666	-1.119867	61.913607	42.679666	-1.119867	64.296067	49.844469	-1.043149	65.857535	49.961835	-1.777873
		63.495204	46.291409	-1.265189
		0.403519	-0.150783	0.902462
56		64.296067	49.844469	-1.043149	65.857535	49.961835	-1.777873	66.678527	57.009273	-0.966431	66.678527	57.009273	-0.966431
		65.877664	53.456212	-1.188471
		0.405091	-0.151298	0.901671
57		66.678527	57.009273	-0.966431	66.678527	57.009273	-0.966431	69.060987	64.174076	-0.889712	70.378908	64.273137	-1.509845
		68.199238	60.616440	-1.083105
		0.403388	-0.150740	0.902527
58		69.060987	64.174076	-0.889712	70.378908	64.273137	-1.509845	71.443447	71.338879	-0.812994	71.443447	71.338879	-0.812994
		70.581698	67.781243	-1.006386
		0.405253	-0.151350	0.901589
59		71.443447	71.338879	-0.812994	71.443447	71.338879	-0.812994	73.825908	78.503683	-0.736276	74.900282	78.584439	-1.241817
		72.903271	74.941470	-0.901020
		0.403202	-0.150679	0.902620
60		73.825908	78.503683	-0.736276	74.900282	78.584439	-1.241817	76.208368	85.668486	-0.659557	76.208368	85.668486	-0.659557
		75.285731	82.106274	-0.824302
		0.405492	-0.151429	0.901468
61		47.721648	0.000000	-1.576867	50.073079	0.000000	-2.713578	52.293415	7.027929	-2.581956	52.293415	7.027929	-2.581956
		50.595389	3.513965	-2.363589
		-0.443354	0.163798	-0.881253
62		52.293415	7.027929	-2.581956	52.293415	7.027929	-2.581956	52.383767	14.020452	-1.426741	54.554102	14.183580	-2.447942
		52.881175	10.564973	-2.259649
		-0.444571	0.163521	-0.880692
63		52.383767	14.020452	-1.426741	54.554102	14.183580	-2.447942	56.814788	21.339231	-2.313928	56.814788	21.339231	-2.313928
		55.141861	17.720624	-2.125635
		-0.443463	0.163833	-0.881192
64		56.814788	21.339231	-2.313928	56.814788	21.339231	-2.313928	57.148687	28.350059	-1.273304	59.075475	28.494882	-2.179914
		57.463435	24.880851	-2.020269
		-0.444638	0.163541	-0.880654
65		57.148687	28.350059	-1.273304	59.075475	28.494882	-2.179914	61.336162	35.650533	-2.045900	61.336162	35.650533	-2.045900
		59.724121	32.036502	-1.886255
		-0.443391	0.163810	-0.881233
66		61.336162	35.650533	-2.045900	61.336162	35.650533	-2.045900	61.913607	42.679666	-1.119867	63.596848	42.806184	-1.911887
		62.045695	39.196729	-1.780889
		-0.444724	0.163567	-0.880606
67		61.913607	42.679666	-1.119867	63.596848	42.806184	-1.911887	65.857535	49.961835	-1.777873	65.857535	49.961835	-1.777873
		64.306381	46.352380	-1.646875
		-0.443297	0.163779	-0.881286
68		65.857535	49.961835	-1.777873	65.857535	49.961835	-1.777873	66.678527	57.009273	-0.966431	68.118222	57.117486	-1.643859
		66.627955	53.512607	-1.541509
		-0.444838	0.163602	-0.880542
69		66.678527	57.009273	-0.966431	68.118222	57.117486	-1.643859	70.378908	64.273137	-1.509845	70.378908	64.273137	-1.509845
		68.888642	60.668258	-1.407495
		-0.443170	0.163738	-0.881357
70		70.378908	64.273137	-1.509845	70.378908	64.273137	-1.509845	71.443447	71.338879	-0.812994	72.639595	71.428788	-1.375831
		71.210215	67.828485	-1.302129
		-0.444995	0.163650	-0.880453
71		71.443447	71.338879	-0.812994	72.639595	71.428788	-1.375831	74.900282	78.584439	-1.241817	74.900282	78.584439	-1.241817
		73.470902	74.984136	-1.168115
		-0.442988	0.163678	-0.881460
72		74.900282	78.584439	-1.241817	74.900282	78.584439	-1.241817	76.208368	85.668486	-0.659557	77.160968	85.740090	-1.107803
		75.792475	82.144364	-1.062749
		-0.445229	0.163722	-0.880322
73		50.073079	0.000000	-2.713578	50.073079	0.000000	-2.713578	52.293415	7.027929	-2.581956	54.506853	7.229529	-3.831821
		51.736607	3.564365	-2.960233
		0.474114	-0.172517	0.863397
74		52.293415	7.027929	-2.581956	54.506853	7.229529	-3.831821	54.554102	14.183580	-2.447942	54.554102	14.183580	-2.447942
		53.977118	10.656155	-2.827415
		0.474888	-0.172753	0.862924
75		54.554102	14.183580	-2.447942	54.554102	14.183580	-2.447942	56.814788	21.339231	-2.313928	58.793038	21.519411	-3.430994
		56.179008	17.806451	-2.660201
		0.474271	-0.172565	0.863301
76		56.814788	21.339231	-2.313928	58.793038	21.519411	-3.430994	59.075475	28.494882	-2.179914	59.075475	28.494882	-2.179914
		58.439694	24.962102	-2.526188
		0.474927	-0.172765	0.862900
77		59.075475	28.494882	-2.179914	59.075475	28.494882	-2.179914	61.336162	35.650533	-2.045900	63.079224	35.809293	-3.030166
		60.641584	32.112398	-2.358974
		0.474231	-0.172553	0.863325
78		61.336162	35.650533	-2.045900	63.079224	35.809293	-3.030166	63.596848	42.806184	-1.911887	63.596848	42.806184	-1.911887
		62.902271	39.268049	-2.224960
		0.474976	-0.172779	0.862870
79		63.596848	42.806184	-1.911887	63.596848	42.806184	-1.911887	65.857535	49.961835	-1.777873	67.365409	50.099175	-2.629339
		65.104160	46.418345	-2.057746
		0.474179	-0.172537	0.863357
80		65.857535	49.961835	-1.777873	67.365409	50.099175	-2.629339	68.118222	57.117486	-1.643859	68.118222	57.117486	-1.643859
		67.364847	53.573996	-1.923732
		0.475041	-0.172799	0.862831
81		68.118222	57.117486	-1.643859	68.118222	57.117486	-1.643859	70.378908	64.273137	-1.509845	71.651594	64.389057	-2.228511
		69.566737	60.724292	-1.756518
		0.474109	-0.172516	0.863400
82		70.378908	64.273137	-1.509845	71.651594	64.389057	-2.228511	72.639595	71.428788	-1.375831	72.639595	71.428788	-1.375831
		71.827423	67.879943	-1.622504
		0.475131	-0.172827	0.862776
83		72.639595	71.428788	-1.375831	72.639595	71.428788	-1.375831	74.900282	78.584439	-1.241817	75.937780	78.678939	-1.827684
		74.029313	75.030239	-1.455291
		0.474009	-0.172486	0.863461
84		74.900282	78.584439	-1.241817	75.937780	78.678939	-1.827684	77.160968	85.740090	-1.107803	77.160968	85.740090	-1.107803
		76.290000	82.185889	-1.321277
		0.475264	-0.172867	0.862694
85		50.073079	0.000000	-2.713578	52.338388	0.000000	-4.034608	54.506853	7.229529	-3.831821	54.506853	7.229529	-3.831821
		52.856293	3.614765	-3.602957
		-0.495917	0.179134	-0.849692
86		54.506853	7.229529	-3.831821	54.506853	7.229529	-3.831821	54.554102	14.183580	-2.447942	56.649946	14.374470	-3.631407
		55.054438	10.754277	-3.435748
		-0.496727	0.177593	-0.849542
87		54.554102	14.183580	-2.447942	56.649946	14.374470	-3.631407	58.793038	21.519411	-3.430994	58.793038	21.519411	-3.430994
		57.197531	17.899218	-3.235334
		-0.496085	0.179185	-0.849583
88		58.793038	21.519411	-3.430994	58.793038	21.519411	-3.430994	59.075475	28.494882	-2.179914	60.936131	28.664352	-3.230580
		59.399421	25.049514	-3.068120
		-0.496765	0.177604	-0.849518
89		59.075475	28.494882	-2.179914	60.936131	28.664352	-3.230580	63.079224	35.809293	-3.030166	63.079224	35.809293	-3.030166
		61.542513	32.194455	-2.867707
		-0.496046	0.179173	-0.849609
90		63.079224	35.809293	-3.030166	63.079224	35.809293	-3.030166	63.596848	42.806184	-1.911887	65.222316	42.954234	-2.829752
		63.744403	39.344751	-2.700493
		-0.496813	0.177618	-0.849487
91		63.596848	42.806184	-1.911887	65.222316	42.954234	-2.829752	67.365409	50.099175	-2.629339	67.365409	50.099175	-2.629339
		65.887496	46.489692	-2.500079
		-0.495996	0.179158	-0.849642
92		67.365409	50.099175	-2.629339	67.365409	50.099175	-2.629339	68.118222	57.117486	-1.643859	69.508502	57.244116	-2.428925
		68.089385	53.639988	-2.332865
		-0.496877	0.177635	-0.849446
93		68.118222	57.117486	-1.643859	69.508502	57.244116	-2.428925	71.651594	64.389057	-2.228511	71.651594	64.389057	-2.228511
		70.232478	60.784929	-2.132451
		-0.495927	0.179137	-0.849686
94		71.651594	64.389057	-2.228511	71.651594	64.389057	-2.228511	72.639595	71.428788	-1.375831	73.794687	71.533998	-2.028097
		72.434368	67.935225	-1.965238
		-0.496965	0.177660	-0.849389
95		72.639595	71.428788	-1.375831	73.794687	71.533998	-2.028097	75.937780	78.678939	-1.827684	75.937780	78.678939	-1.827684
		74.577460	75.080166	-1.764824
		-0.495829	0.179107	-0.849749
96		75.937780	78.678939	-1.827684	75.937780	78.678939	-1.827684	77.160968	85.740090	-1.107803	78.080873	85.823879	-1.627270
		76.779350	82.230462	-1.597610
		-0.497096	0.177697	-0.849305
97		52.338388	0.000000	-4.034608	52.338388	0.000000	-4.034608	54.506853	7.229529	-3.831821	56.692979	7.441307	-5.141181
		53.969152	3.667709	-4.260554
		0.510936	-0.181585	0.840221
98		54.506853	7.229529	-3.831821	56.692979	7.441307	-5.141181	56.649946	14.374470	-3.631407	56.649946	14.374470	-3.631407
		56.124931	10.854944	-4.058954
		0.511312	-0.181690	0.839970
99		56.649946	14.374470	-3.631407	56.649946	14.374470	-3.631407	58.793038	21.519411	-3.430994	60.746878	21.708688	-4.601232
		58.209952	17.994260	-3.823760
		0.511087	-0.181627	0.840120
100		58.793038	21.519411	-3.430994	60.746878	21.708688	-4.601232	60.936131	28.664352	-3.230580	60.936131	28.664352	-3.230580
		60.353045	25.139201	-3.623346
		0.511327	-0.181694	0.839960
101		60.936131	28.664352	-3.230580	60.936131	28.664352	-3.230580	63.079224	35.809293	-3.030166	64.800777	35.976068	-4.061284
		62.438066	32.278516	-3.388152
		0.511073	-0.181623	0.840129
102		63.079224	35.809293	-3.030166	64.800777	35.976068	-4.061284	65.222316	42.954234	-2.829752	65.222316	42.954234	-2.829752
		64.581158	39.423457	-3.187739
		0.511346	-0.181700	0.839947
103		65.222316	42.954234	-2.829752	65.222316	42.954234	-2.829752	67.365409	50.099175	-2.629339	68.854677	50.243448	-3.521335
		66.666180	46.562773	-2.952545
		0.511056	-0.181618	0.840141
104		67.365409	50.099175	-2.629339	68.854677	50.243448	-3.521335	69.508502	57.244116	-2.428925	69.508502	57.244116	-2.428925
		68.809272	53.707714	-2.752131
		0.511371	-0.181707	0.839930
105		69.508502	57.244116	-2.428925	69.508502	57.244116	-2.428925	71.651594	64.389057	-2.228511	72.908576	64.510829	-2.981386
		70.894293	60.847029	-2.516937
		0.511032	-0.181612	0.840157
106		71.651594	64.389057	-2.228511	72.908576	64.510829	-2.981386	73.794687	71.533998	-2.028097	73.794687	71.533998	-2.028097
		73.037386	67.991970	-2.316523
		0.511406	-0.181717	0.839906
107		73.794687	71.533998	-2.028097	73.794687	71.533998	-2.028097	75.937780	78.678939	-1.827684	76.962475	78.778209	-2.441437
		75.122407	75.131286	-2.081329
		0.510998	-0.181602	0.840179
108		75.937780	78.678939	-1.827684	76.962475	78.778209	-2.441437	78.080873	85.823879	-1.627270	78.080873	85.823879	-1.627270
		77.265500	82.276227	-1.880915
		0.511458	-0.181731	0.839872
109		52.338388	0.000000	-4.034608	54.578623	0.000000	-5.422797	56.692979	7.441307	-5.141181	56.692979	7.441307	-5.141181
		55.075742	3.720654	-4.934942
		-0.518937	0.183827	-0.834813
110		56.692979	7.441307	-5.141181	56.692979	7.441307	-5.141181	56.649946	14.374470	-3.631407	58.719928	14.574998	-4.871207
		57.188958	10.958021	-4.696244
		-0.519370	0.181670	-0.835015
111		56.649946	14.374470	-3.631407	58.719928	14.574998	-4.871207	60.746878	21.708688	-4.601232	60.746878	21.708688	-4.601232
		59.215908	18.091711	-4.426270
		-0.519090	0.183870	-0.834708
112		60.746878	21.708688	-4.601232	60.746878	21.708688	-4.601232	60.936131	28.664352	-3.230580	62.773828	28.842378	-4.331258
		61.300929	25.231026	-4.191076
		-0.519385	0.181674	-0.835005
113		60.936131	28.664352	-3.230580	62.773828	28.842378	-4.331258	64.800777	35.976068	-4.061284	64.800777	35.976068	-4.061284
		63.327878	32.364716	-3.921101
		-0.519077	0.183866	-0.834717
114		64.800777	35.976068	-4.061284	64.800777	35.976068	-4.061284	65.222316	42.954234	-2.829752	66.827727	43.109758	-3.791309
		65.412900	39.504032	-3.685907
		-0.519404	0.181679	-0.834993
115		65.222316	42.954234	-2.829752	66.827727	43.109758	-3.791309	68.854677	50.243448	-3.521335	68.854677	50.243448	-3.521335
		67.439849	46.637722	-3.415933
		-0.519060	0.183861	-0.834729
116		68.854677	50.243448	-3.521335	68.854677	50.243448	-3.521335	69.508502	57.244116	-2.428925	70.881626	57.377139	-3.251360
		69.524870	53.777038	-3.180739
		-0.519429	0.181686	-0.834976
117		69.508502	57.244116	-2.428925	70.881626	57.377139	-3.251360	72.908576	64.510829	-2.981386	72.908576	64.510829	-2.981386
		71.551820	60.910728	-2.910764
		-0.519036	0.183855	-0.834745
118		72.908576	64.510829	-2.981386	72.908576	64.510829	-2.981386	73.794687	71.533998	-2.028097	74.935526	71.644519	-2.711411
		73.636841	68.050043	-2.675570
		-0.519463	0.181695	-0.834952
119		73.794687	71.533998	-2.028097	74.935526	71.644519	-2.711411	76.962475	78.778209	-2.441437	76.962475	78.778209	-2.441437
		75.663791	75.183734	-2.405596
		-0.519002	0.183845	-0.834768
120		76.962475	78.778209	-2.441437	76.962475	78.778209	-2.441437	78.080873	85.823879	-1.627270	78.989425	85.911899	-2.171463
		77.748812	82.323049	-2.170402
		-0.519515	0.181708	-0.834917
121		54.578623	0.000000	-5.422797	54.578623	0.000000	-5.422797	56.692979	7.441307	-5.141181	58.866378	7.657828	-6.478264
		56.179151	3.774784	-5.616260
		0.520556	-0.181977	0.834210
122		56.692979	7.441307	-5.141181	58.866378	7.657828	-6.478264	58.719928	14.574998	-4.871207	58.719928	14.574998	-4.871207
		58.249803	11.062283	-5.340465
		0.520782	-0.182035	0.834056
123		58.719928	14.574998	-4.871207	58.719928	14.574998	-4.871207	60.746878	21.708688	-4.601232	62.689343	21.902203	-5.796248
		60.219019	18.190221	-5.034974
		0.520640	-0.181998	0.834153
124		60.746878	21.708688	-4.601232	62.689343	21.902203	-5.796248	62.773828	28.842378	-4.331258	62.773828	28.842378	-4.331258
		62.245969	25.323912	-4.764999
		0.520792	-0.182037	0.834050
125		62.773828	28.842378	-4.331258	62.773828	28.842378	-4.331258	64.800777	35.976068	-4.061284	66.512309	36.146578	-5.114232
		64.215185	32.451850	-4.459508
		0.520632	-0.181996	0.834158
126		64.800777	35.976068	-4.061284	66.512309	36.146578	-5.114232	66.827727	43.109758	-3.791309	66.827727	43.109758	-3.791309
		66.242135	39.585541	-4.189534
		0.520804	-0.182041	0.834041
127		66.827727	43.109758	-3.791309	66.827727	43.109758	-3.791309	68.854677	50.243448	-3.521335	70.335274	50.390953	-4.432217
		68.211351	46.713479	-3.884042
		0.520622	-0.181994	0.834165
128		68.854677	50.243448	-3.521335	70.335274	50.390953	-4.432217	70.881626	57.377139	-3.251360	70.881626	57.377139	-3.251360
		70.238301	53.847170	-3.614068
		0.520821	-0.182045	0.834029
129		70.881626	57.377139	-3.251360	70.881626	57.377139	-3.251360	72.908576	64.510829	-2.981386	74.158240	64.635328	-3.750201
		72.207517	60.975108	-3.308577
		0.520608	-0.181990	0.834174
130		72.908576	64.510829	-2.981386	74.158240	64.635328	-3.750201	74.935526	71.644519	-2.711411	74.935526	71.644519	-2.711411
		74.234467	68.108799	-3.038602
		0.520844	-0.182051	0.834014
131		74.935526	71.644519	-2.711411	74.935526	71.644519	-2.711411	76.962475	78.778209	-2.441437	77.981205	78.879703	-3.068185
		76.203683	75.236737	-2.733111
		0.520588	-0.181985	0.834188
132		76.962475	78.778209	-2.441437	77.981205	78.879703	-3.068185	78.989425	85.911899	-2.171463	78.989425	85.911899	-2.171463
		78.230633	82.370427	-2.463137
		0.520879	-0.182060	0.833990
133		54.578623	0.000000	-5.422797	56.811137	0.000000	-6.844918	58.866378	7.657828	-6.478264	58.866378	7.657828	-6.478264
		57.280629	3.828914	-6.306061
		-0.525606	0.183278	-0.830751
134		58.866378	7.657828	-6.478264	58.866378	7.657828	-6.478264	58.719928	14.574998	-4.871207	60.777861	14.780016	-6.137256
		59.307636	11.167668	-5.991248
		-0.525890	0.180933	-0.831086
135		58.719928	14.574998	-4.871207	60.777861	14.780016	-6.137256	62.689343	21.902203	-5.796248	62.689343	21.902203	-5.796248
		61.219119	18.289855	-5.650240
		-0.525688	0.183300	-0.830694
136		62.689343	21.902203	-5.796248	62.689343	21.902203	-5.796248	62.773828	28.842378	-4.331258	64.600826	29.024391	-5.455240
		63.188335	25.417794	-5.344749
		-0.525900	0.180935	-0.831079
137		62.773828	28.842378	-4.331258	64.600826	29.024391	-5.455240	66.512309	36.146578	-5.114232	66.512309	36.146578	-5.114232
		65.099818	32.539981	-5.003741
		-0.525680	0.183298	-0.830700
138		66.512309	36.146578	-5.114232	66.512309	36.146578	-5.114232	66.827727	43.109758	-3.791309	68.423791	43.268766	-4.773225
		67.069034	39.667920	-4.698250
		-0.525912	0.180938	-0.831070
139		66.827727	43.109758	-3.791309	68.423791	43.268766	-4.773225	70.335274	50.390953	-4.432217	70.335274	50.390953	-4.432217
		68.980517	46.790107	-4.357242
		-0.525670	0.183295	-0.830707
140		70.335274	50.390953	-4.432217	70.335274	50.390953	-4.432217	70.881626	57.377139	-3.251360	72.246757	57.513140	-4.091209
		70.949733	53.918046	-4.051751
		-0.525929	0.180942	-0.831059
141		70.881626	57.377139	-3.251360	72.246757	57.513140	-4.091209	74.158240	64.635328	-3.750201	74.158240	64.635328	-3.750201
		72.861216	61.040234	-3.710743
		-0.525656	0.183291	-0.830716
142		74.158240	64.635328	-3.750201	74.158240	64.635328	-3.750201	74.935526	71.644519	-2.711411	76.069722	71.757515	-3.409193
		74.830432	68.168172	-3.405251
		-0.525952	0.180947	-0.831043
143		74.935526	71.644519	-2.711411	76.069722	71.757515	-3.409193	77.981205	78.879703	-3.068185	77.981205	78.879703	-3.068185
		76.741915	75.290360	-3.064244
		-0.525637	0.183286	-0.830730
144		77.981205	78.879703	-3.068185	77.981205	78.879703	-3.068185	78.989425	85.911899	-2.171463	79.892688	86.001890	-2.727177
		78.711131	82.418299	-2.758752
		-0.525987	0.180955	-0.831019
Wing 2
Number of chordwise panel increments m =   12
Number of spanwise panel increments  n =   12
BC1=10
BC2=100

		Leading Edge Main Root Side Point              Trailing Edge Main Root Side Point               Leading Edge Main Tip Side Point               Trailing Edge Main Tip Side Point
Index   	x1LE        	y1LE        	z1LE        	x1TE        	y1TE        	z1TE        	x2LE        	y2LE        	z2LE        	x2TE        	y2TE        	z2TE
	Control Points
	Control Point Normals#
145		2.125000	0.000000	-1.302000	2.125000	0.000000	-1.302000	6.884583	7.087500	-1.229125	13.262728	7.106224	-0.185990
		6.099328	3.548431	-1.004779
		-0.090882	0.050805	0.994565
146		6.884583	7.087500	-1.229125	13.262728	7.106224	-0.185990	11.644167	14.175000	-1.156250	11.644167	14.175000	-1.156250
		10.858911	10.635931	-0.931904
		-0.086755	0.048028	0.995071
147		11.644167	14.175000	-1.156250	11.644167	14.175000	-1.156250	16.403750	21.262500	-1.083375	22.067483	21.279097	-0.157533
		15.439892	17.722899	-0.888352
		-0.091046	0.050916	0.994544
148		16.403750	21.262500	-1.083375	22.067483	21.279097	-0.157533	21.163333	28.350000	-1.010500	21.163333	28.350000	-1.010500
		20.199475	24.810399	-0.815477
		-0.086399	0.047789	0.995114
149		21.163333	28.350000	-1.010500	21.163333	28.350000	-1.010500	25.922917	35.437500	-0.937625	30.872239	35.451971	-0.129077
		24.780456	31.897368	-0.771926
		-0.091263	0.051062	0.994517
150		25.922917	35.437500	-0.937625	30.872239	35.451971	-0.129077	30.682500	42.525000	-0.864750	30.682500	42.525000	-0.864750
		29.540039	38.984868	-0.699051
		-0.085936	0.047477	0.995169
151		30.682500	42.525000	-0.864750	30.682500	42.525000	-0.864750	35.442083	49.612500	-0.791875	39.676995	49.624844	-0.100621
		34.121020	46.071836	-0.655499
		-0.091551	0.051255	0.994480
152		35.442083	49.612500	-0.791875	39.676995	49.624844	-0.100621	40.201667	56.700000	-0.719000	40.201667	56.700000	-0.719000
		38.880603	53.159336	-0.582624
		-0.085310	0.047056	0.995243
153		40.201667	56.700000	-0.719000	40.201667	56.700000	-0.719000	44.961250	63.787500	-0.646125	48.481751	63.797717	-0.072164
		43.461584	60.246304	-0.539072
		-0.091949	0.051523	0.994430
154		44.961250	63.787500	-0.646125	48.481751	63.797717	-0.072164	49.720833	70.875000	-0.573250	49.720833	70.875000	-0.573250
		48.221167	67.333804	-0.466197
		-0.084416	0.046455	0.995347
155		49.720833	70.875000	-0.573250	49.720833	70.875000	-0.573250	54.480417	77.962500	-0.500375	57.286507	77.970590	-0.043708
		52.802148	74.420772	-0.422646
		-0.092538	0.051919	0.994355
156		54.480417	77.962500	-0.500375	57.286507	77.970590	-0.043708	59.240000	85.050000	-0.427500	59.240000	85.050000	-0.427500
		57.561731	81.508272	-0.349771
		-0.083036	0.045526	0.995506
157		2.125000	0.000000	-1.302000	8.848057	0.000000	-0.200257	13.262728	7.106224	-0.185990	13.262728	7.106224	-0.185990
		9.374628	3.553112	-0.468559
		0.089554	-0.049912	-0.994731
158		13.262728	7.106224	-0.185990	13.262728	7.106224	-0.185990	11.644167	14.175000	-1.156250	17.665105	14.192661	-0.171761
		13.958682	10.645027	-0.424998
		0.088161	-0.047363	-0.994980
159		11.644167	14.175000	-1.156250	17.665105	14.192661	-0.171761	22.067483	21.279097	-0.157533	22.067483	21.279097	-0.157533
		18.361060	17.731464	-0.410769
		0.089560	-0.049916	-0.994730
160		22.067483	21.279097	-0.157533	22.067483	21.279097	-0.157533	21.163333	28.350000	-1.010500	26.469861	28.365534	-0.143305
		22.942040	24.818432	-0.367218
		0.087988	-0.047255	-0.995000
161		21.163333	28.350000	-1.010500	26.469861	28.365534	-0.143305	30.872239	35.451971	-0.129077	30.872239	35.451971	-0.129077
		27.344418	31.904869	-0.352990
		0.089571	-0.049923	-0.994729
162		30.872239	35.451971	-0.129077	30.872239	35.451971	-0.129077	30.682500	42.525000	-0.864750	35.274617	42.538407	-0.114849
		31.925399	38.991837	-0.309438
		0.087762	-0.047115	-0.995027
163		30.682500	42.525000	-0.864750	35.274617	42.538407	-0.114849	39.676995	49.624844	-0.100621	39.676995	49.624844	-0.100621
		36.327777	46.078274	-0.295210
		0.089584	-0.049932	-0.994727
164		39.676995	49.624844	-0.100621	39.676995	49.624844	-0.100621	40.201667	56.700000	-0.719000	44.079373	56.711280	-0.086393
		40.908758	53.165242	-0.251659
		0.087457	-0.046925	-0.995062
165		40.201667	56.700000	-0.719000	44.079373	56.711280	-0.086393	48.481751	63.797717	-0.072164	48.481751	63.797717	-0.072164
		45.311136	60.251678	-0.237430
		0.089603	-0.049944	-0.994725
166		48.481751	63.797717	-0.072164	48.481751	63.797717	-0.072164	49.720833	70.875000	-0.573250	52.884129	70.884153	-0.057936
		49.892116	67.338647	-0.193879
		0.087021	-0.046655	-0.995113
167		49.720833	70.875000	-0.573250	52.884129	70.884153	-0.057936	57.286507	77.970590	-0.043708	57.286507	77.970590	-0.043708
		54.294494	74.425083	-0.179651
		0.089630	-0.049963	-0.994721
168		57.286507	77.970590	-0.043708	57.286507	77.970590	-0.043708	59.240000	85.050000	-0.427500	61.688885	85.057026	-0.029480
		58.875475	81.512051	-0.136099
		0.086349	-0.046236	-0.995192
169		8.848057	0.000000	-0.200257	8.848057	0.000000	-0.200257	13.262728	7.106224	-0.185990	19.693713	7.099138	-0.085374
		12.663138	3.551341	-0.167970
		-0.070833	0.036591	0.996817
170		13.262728	7.106224	-0.185990	19.693713	7.099138	-0.085374	17.665105	14.192661	-0.171761	17.665105	14.192661	-0.171761
		17.071663	10.647671	-0.153722
		-0.069754	0.035921	0.996917
171		17.665105	14.192661	-0.171761	17.665105	14.192661	-0.171761	22.067483	21.279097	-0.157533	27.778073	21.272818	-0.068634
		21.293942	17.734309	-0.142423
		-0.070820	0.036584	0.996818
172		22.067483	21.279097	-0.157533	27.778073	21.272818	-0.068634	26.469861	28.365534	-0.143305	26.469861	28.365534	-0.143305
		25.696320	24.820746	-0.128194
		-0.069602	0.035827	0.996931
173		26.469861	28.365534	-0.143305	26.469861	28.365534	-0.143305	30.872239	35.451971	-0.129077	35.862434	35.446497	-0.051895
		29.918599	31.907384	-0.116896
		-0.070806	0.036575	0.996819
174		30.872239	35.451971	-0.129077	35.862434	35.446497	-0.051895	35.274617	42.538407	-0.114849	35.274617	42.538407	-0.114849
		34.320977	38.993820	-0.102667
		-0.069404	0.035703	0.996950
175		35.274617	42.538407	-0.114849	35.274617	42.538407	-0.114849	39.676995	49.624844	-0.100621	43.946795	49.620177	-0.035156
		38.543256	46.080459	-0.091369
		-0.070787	0.036563	0.996821
176		39.676995	49.624844	-0.100621	43.946795	49.620177	-0.035156	44.079373	56.711280	-0.086393	44.079373	56.711280	-0.086393
		42.945634	53.166895	-0.077140
		-0.069136	0.035537	0.996974
177		44.079373	56.711280	-0.086393	44.079373	56.711280	-0.086393	48.481751	63.797717	-0.072164	52.031155	63.793856	-0.018417
		47.167913	60.253533	-0.065842
		-0.070760	0.036546	0.996824
178		48.481751	63.797717	-0.072164	52.031155	63.793856	-0.018417	52.884129	70.884153	-0.057936	52.884129	70.884153	-0.057936
		51.570291	67.339970	-0.051613
		-0.068754	0.035299	0.997009
179		52.884129	70.884153	-0.057936	52.884129	70.884153	-0.057936	57.286507	77.970590	-0.043708	60.115516	77.967536	-0.001677
		55.792571	74.426608	-0.040315
		-0.070721	0.036522	0.996827
180		57.286507	77.970590	-0.043708	60.115516	77.967536	-0.001677	61.688885	85.057026	-0.029480	61.688885	85.057026	-0.029480
		60.194948	81.513045	-0.026086
		-0.068164	0.034933	0.997062
181		8.848057	0.000000	-0.200257	15.644517	0.000000	-0.093758	19.693713	7.099138	-0.085374	19.693713	7.099138	-0.085374
		15.970000	3.549569	-0.116191
		0.033573	-0.013440	-0.999346
182		19.693713	7.099138	-0.085374	19.693713	7.099138	-0.085374	17.665105	14.192661	-0.171761	23.735893	14.185978	-0.077004
		20.197106	10.644229	-0.104878
		0.032493	-0.013994	-0.999374
183		17.665105	14.192661	-0.171761	23.735893	14.185978	-0.077004	27.778073	21.272818	-0.068634	27.778073	21.272818	-0.068634
		24.239286	17.731069	-0.096509
		0.033562	-0.013434	-0.999346
184		27.778073	21.272818	-0.068634	27.778073	21.272818	-0.068634	26.469861	28.365534	-0.143305	31.820254	28.359658	-0.060265
		28.461565	24.817707	-0.085210
		0.032340	-0.013907	-0.999380
185		26.469861	28.365534	-0.143305	31.820254	28.359658	-0.060265	35.862434	35.446497	-0.051895	35.862434	35.446497	-0.051895
		32.503746	31.904547	-0.076840
		0.033548	-0.013425	-0.999347
186		35.862434	35.446497	-0.051895	35.862434	35.446497	-0.051895	35.274617	42.538407	-0.114849	39.904614	42.533337	-0.043526
		36.726025	38.991185	-0.065541
		0.032142	-0.013794	-0.999388
187		35.274617	42.538407	-0.114849	39.904614	42.533337	-0.043526	43.946795	49.620177	-0.035156	43.946795	49.620177	-0.035156
		40.768205	46.078024	-0.057172
		0.033528	-0.013413	-0.999348
188		43.946795	49.620177	-0.035156	43.946795	49.620177	-0.035156	44.079373	56.711280	-0.086393	47.988975	56.707017	-0.026786
		44.990485	53.164663	-0.045873
		0.031873	-0.013641	-0.999399
189		44.079373	56.711280	-0.086393	47.988975	56.707017	-0.026786	52.031155	63.793856	-0.018417	52.031155	63.793856	-0.018417
		49.032665	60.251502	-0.037503
		0.033502	-0.013396	-0.999349
190		52.031155	63.793856	-0.018417	52.031155	63.793856	-0.018417	52.884129	70.884153	-0.057936	56.073336	70.880696	-0.010047
		53.254944	67.338141	-0.026204
		0.031490	-0.013422	-0.999414
191		52.884129	70.884153	-0.057936	56.073336	70.880696	-0.010047	60.115516	77.967536	-0.001677	60.115516	77.967536	-0.001677
		57.297124	74.424980	-0.017835
		0.033462	-0.013371	-0.999351
192		60.115516	77.967536	-0.001677	60.115516	77.967536	-0.001677	61.688885	85.057026	-0.029480	64.157697	85.054376	0.006692
		61.519404	81.511618	-0.006536
		0.030898	-0.013085	-0.999437
193		15.644517	0.000000	-0.093758	15.644517	0.000000	-0.093758	19.693713	7.099138	-0.085374	26.125582	7.091603	-0.000525
		19.277082	3.547685	-0.068353
		-0.014142	0.003529	0.999894
194		19.693713	7.099138	-0.085374	26.125582	7.091603	-0.000525	23.735893	14.185978	-0.077004	23.735893	14.185978	-0.077004
		23.322770	10.640674	-0.059977
		-0.014093	0.003501	0.999895
195		23.735893	14.185978	-0.077004	23.735893	14.185978	-0.077004	27.778073	21.272818	-0.068634	33.489447	21.266138	0.006264
		27.184827	17.727728	-0.054095
		-0.014071	0.003489	0.999895
196		27.778073	21.272818	-0.068634	33.489447	21.266138	0.006264	31.820254	28.359658	-0.060265	31.820254	28.359658	-0.060265
		31.227007	24.814568	-0.045725
		-0.014009	0.003453	0.999896
197		31.820254	28.359658	-0.060265	31.820254	28.359658	-0.060265	35.862434	35.446497	-0.051895	40.853312	35.440673	0.013052
		35.089063	31.901621	-0.039843
		-0.013978	0.003436	0.999896
198		35.862434	35.446497	-0.051895	40.853312	35.440673	0.013052	39.904614	42.533337	-0.043526	39.904614	42.533337	-0.043526
		39.131244	38.988461	-0.031473
		-0.013900	0.003391	0.999898
199		39.904614	42.533337	-0.043526	39.904614	42.533337	-0.043526	43.946795	49.620177	-0.035156	48.217178	49.615208	0.019841
		42.993300	46.075515	-0.025592
		-0.013855	0.003366	0.999898
200		43.946795	49.620177	-0.035156	48.217178	49.615208	0.019841	47.988975	56.707017	-0.026786	47.988975	56.707017	-0.026786
		47.035481	53.162355	-0.017222
		-0.013752	0.003307	0.999900
201		47.988975	56.707017	-0.026786	47.988975	56.707017	-0.026786	52.031155	63.793856	-0.018417	55.581043	63.789743	0.026629
		50.897537	60.249408	-0.011340
		-0.013685	0.003269	0.999901
202		52.031155	63.793856	-0.018417	55.581043	63.789743	0.026629	56.073336	70.880696	-0.010047	56.073336	70.880696	-0.010047
		54.939718	67.336248	-0.002970
		-0.013541	0.003187	0.999903
203		56.073336	70.880696	-0.010047	56.073336	70.880696	-0.010047	60.115516	77.967536	-0.001677	62.944909	77.964278	0.033418
		58.801774	74.423302	0.002912
		-0.013433	0.003125	0.999905
204		60.115516	77.967536	-0.001677	62.944909	77.964278	0.033418	64.157697	85.054376	0.006692	64.157697	85.054376	0.006692
		62.843954	81.510141	0.011281
		-0.013216	0.003001	0.999908
205		15.644517	0.000000	-0.093758	22.441397	0.000000	-0.003921	26.125582	7.091603	-0.000525	26.125582	7.091603	-0.000525
		22.584269	3.545802	-0.024682
		0.013554	-0.003194	-0.999903
206		26.125582	7.091603	-0.000525	26.125582	7.091603	-0.000525	23.735893	14.185978	-0.077004	29.807514	14.178871	0.002870
		26.448643	10.637014	-0.018796
		0.013502	-0.005354	-0.999895
207		23.735893	14.185978	-0.077004	29.807514	14.178871	0.002870	33.489447	21.266138	0.006264	33.489447	21.266138	0.006264
		30.130575	17.724281	-0.015402
		0.013483	-0.003154	-0.999904
208		33.489447	21.266138	0.006264	33.489447	21.266138	0.006264	31.820254	28.359658	-0.060265	37.171380	28.353406	0.009658
		33.992632	24.811335	-0.009520
		0.013418	-0.005310	-0.999896
209		31.820254	28.359658	-0.060265	37.171380	28.353406	0.009658	40.853312	35.440673	0.013052	40.853312	35.440673	0.013052
		37.674565	31.898602	-0.006126
		0.013391	-0.003101	-0.999906
210		40.853312	35.440673	0.013052	40.853312	35.440673	0.013052	39.904614	42.533337	-0.043526	44.535245	42.527941	0.016446
		41.536621	38.985656	-0.000244
		0.013309	-0.005254	-0.999898
211		39.904614	42.533337	-0.043526	44.535245	42.527941	0.016446	48.217178	49.615208	0.019841	48.217178	49.615208	0.019841
		45.218554	46.072923	0.003151
		0.013268	-0.003031	-0.999907
212		48.217178	49.615208	0.019841	48.217178	49.615208	0.019841	47.988975	56.707017	-0.026786	51.899110	56.702476	0.023235
		49.080610	53.159977	0.009033
		0.013161	-0.005177	-0.999900
213		47.988975	56.707017	-0.026786	51.899110	56.702476	0.023235	55.581043	63.789743	0.026629	55.581043	63.789743	0.026629
		52.762543	60.247245	0.012427
		0.013097	-0.002934	-0.999910
214		55.581043	63.789743	0.026629	55.581043	63.789743	0.026629	56.073336	70.880696	-0.010047	59.262976	70.877011	0.030023
		56.624600	67.334298	0.018309
		0.012951	-0.005068	-0.999903
215		56.073336	70.880696	-0.010047	59.262976	70.877011	0.030023	62.944909	77.964278	0.033418	62.944909	77.964278	0.033418
		60.306532	74.421566	0.021703
		0.012845	-0.002790	-0.999914
216		62.944909	77.964278	0.033418	62.944909	77.964278	0.033418	64.157697	85.054376	0.006692	66.626841	85.051546	0.036812
		64.168589	81.508619	0.027585
		0.012625	-0.004899	-0.999908
217		22.441397	0.000000	-0.003921	22.441397	0.000000	-0.003921	26.125582	7.091603	-0.000525	32.557415	7.084068	0.084967
		25.891447	3.543918	0.019150
		-0.015445	0.006363	0.999860
218		26.125582	7.091603	-0.000525	32.557415	7.084068	0.084967	29.807514	14.178871	0.002870	29.807514	14.178871	0.002870
		29.574506	10.633353	0.022545
		-0.015537	0.006411	0.999859
219		29.807514	14.178871	0.002870	29.807514	14.178871	0.002870	33.489447	21.266138	0.006264	39.200789	21.259457	0.081732
		33.076316	17.720834	0.023434
		-0.015365	0.006321	0.999862
220		33.489447	21.266138	0.006264	39.200789	21.259457	0.081732	37.171380	28.353406	0.009658	37.171380	28.353406	0.009658
		36.758249	24.808101	0.026828
		-0.015463	0.006373	0.999860
221		37.171380	28.353406	0.009658	37.171380	28.353406	0.009658	40.853312	35.440673	0.013052	45.844163	35.434845	0.078498
		40.260059	31.895582	0.027717
		-0.015261	0.006268	0.999864
222		40.853312	35.440673	0.013052	45.844163	35.434845	0.078498	44.535245	42.527941	0.016446	44.535245	42.527941	0.016446
		43.941991	38.982850	0.031111
		-0.015366	0.006322	0.999862
223		44.535245	42.527941	0.016446	44.535245	42.527941	0.016446	48.217178	49.615208	0.019841	52.487537	49.610234	0.075264
		47.443801	46.070331	0.031999
		-0.015124	0.006196	0.999866
224		48.217178	49.615208	0.019841	52.487537	49.610234	0.075264	51.899110	56.702476	0.023235	51.899110	56.702476	0.023235
		51.125734	53.157598	0.035394
		-0.015236	0.006254	0.999864
225		51.899110	56.702476	0.023235	51.899110	56.702476	0.023235	55.581043	63.789743	0.026629	59.130911	63.785622	0.072030
		54.627544	60.245079	0.036282
		-0.014933	0.006097	0.999870
226		55.581043	63.789743	0.026629	59.130911	63.785622	0.072030	59.262976	70.877011	0.030023	59.262976	70.877011	0.030023
		58.309477	67.332347	0.039676
		-0.015049	0.006157	0.999868
227		59.262976	70.877011	0.030023	59.262976	70.877011	0.030023	62.944909	77.964278	0.033418	65.774285	77.961011	0.068795
		61.811286	74.419827	0.040565
		-0.014652	0.005951	0.999875
228		62.944909	77.964278	0.033418	65.774285	77.961011	0.068795	66.626841	85.051546	0.036812	66.626841	85.051546	0.036812
		65.493219	81.507095	0.043959
		-0.014761	0.006008	0.999873
229		22.441397	0.000000	-0.003921	29.237427	0.000000	0.086583	32.557415	7.084068	0.084967	32.557415	7.084068	0.084967
		29.198413	3.542034	0.063149
		0.019958	-0.008707	-0.999763
230		32.557415	7.084068	0.084967	32.557415	7.084068	0.084967	29.807514	14.178871	0.002870	35.879102	14.171762	0.083350
		32.700361	10.629692	0.064038
		0.020048	-0.010611	-0.999743
231		29.807514	14.178871	0.002870	35.879102	14.171762	0.083350	39.200789	21.259457	0.081732	39.200789	21.259457	0.081732
		36.022048	17.717387	0.062421
		0.019877	-0.008666	-0.999765
232		39.200789	21.259457	0.081732	39.200789	21.259457	0.081732	37.171380	28.353406	0.009658	42.522476	28.347151	0.080115
		39.523858	24.804867	0.063310
		0.019974	-0.010576	-0.999745
233		37.171380	28.353406	0.009658	42.522476	28.347151	0.080115	45.844163	35.434845	0.078498	45.844163	35.434845	0.078498
		42.845545	31.892562	0.061692
		0.019774	-0.008612	-0.999767
234		45.844163	35.434845	0.078498	45.844163	35.434845	0.078498	44.535245	42.527941	0.016446	49.165850	42.522539	0.076881
		46.347355	38.980043	0.062581
		0.019877	-0.010531	-0.999747
235		44.535245	42.527941	0.016446	49.165850	42.522539	0.076881	52.487537	49.610234	0.075264	52.487537	49.610234	0.075264
		49.669042	46.067737	0.060964
		0.019636	-0.008540	-0.999771
236		52.487537	49.610234	0.075264	52.487537	49.610234	0.075264	51.899110	56.702476	0.023235	55.809224	56.697928	0.073647
		53.170852	53.155218	0.061852
		0.019746	-0.010470	-0.999750
237		51.899110	56.702476	0.023235	55.809224	56.697928	0.073647	59.130911	63.785622	0.072030	59.130911	63.785622	0.072030
		56.492539	60.242912	0.060235
		0.019446	-0.008442	-0.999775
238		59.130911	63.785622	0.072030	59.130911	63.785622	0.072030	59.262976	70.877011	0.030023	62.452598	70.873316	0.070412
		59.994349	67.330393	0.061124
		0.019560	-0.010382	-0.999755
239		59.262976	70.877011	0.030023	62.452598	70.873316	0.070412	65.774285	77.961011	0.068795	65.774285	77.961011	0.068795
		63.316036	74.418087	0.059507
		0.019165	-0.008296	-0.999782
240		65.774285	77.961011	0.068795	65.774285	77.961011	0.068795	66.626841	85.051546	0.036812	69.095972	85.048705	0.067178
		66.817846	81.505568	0.060395
		0.019271	-0.010247	-0.999762
241		29.237427	0.000000	0.086583	29.237427	0.000000	0.086583	32.557415	7.084068	0.084967	38.982777	7.079693	0.285877
		32.503762	3.540940	0.136003
		-0.032832	0.016603	0.999323
242		32.557415	7.084068	0.084967	38.982777	7.079693	0.285877	35.879102	14.171762	0.083350	35.879102	14.171762	0.083350
		35.824599	10.626821	0.134386
		-0.033405	0.016871	0.999299
243		35.879102	14.171762	0.083350	35.879102	14.171762	0.083350	39.200789	21.259457	0.081732	44.906393	21.255576	0.259692
		38.966346	17.714639	0.127031
		-0.032722	0.016551	0.999327
244		39.200789	21.259457	0.081732	44.906393	21.255576	0.259692	42.522476	28.347151	0.080115	42.522476	28.347151	0.080115
		42.288033	24.802334	0.125414
		-0.033363	0.016852	0.999301
245		42.522476	28.347151	0.080115	42.522476	28.347151	0.080115	45.844163	35.434845	0.078498	50.830008	35.431458	0.233506
		45.429781	31.890151	0.118059
		-0.032581	0.016485	0.999333
246		45.844163	35.434845	0.078498	50.830008	35.431458	0.233506	49.165850	42.522539	0.076881	49.165850	42.522539	0.076881
		48.751468	38.977846	0.116442
		-0.033308	0.016826	0.999303
247		49.165850	42.522539	0.076881	49.165850	42.522539	0.076881	52.487537	49.610234	0.075264	56.753624	49.607341	0.207320
		51.893215	46.065663	0.109087
		-0.032396	0.016398	0.999341
248		52.487537	49.610234	0.075264	56.753624	49.607341	0.207320	55.809224	56.697928	0.073647	55.809224	56.697928	0.073647
		55.214902	53.153358	0.107469
		-0.033234	0.016791	0.999307
249		55.809224	56.697928	0.073647	55.809224	56.697928	0.073647	59.130911	63.785622	0.072030	62.677240	63.783224	0.181134
		58.356650	60.241175	0.100114
		-0.032138	0.016278	0.999351
250		59.130911	63.785622	0.072030	62.677240	63.783224	0.181134	62.452598	70.873316	0.070412	62.452598	70.873316	0.070412
		61.678337	67.328870	0.098497
		-0.033129	0.016742	0.999311
251		62.452598	70.873316	0.070412	62.452598	70.873316	0.070412	65.774285	77.961011	0.068795	68.600855	77.959107	0.154949
		64.820084	74.416688	0.091142
		-0.031758	0.016099	0.999366
252		65.774285	77.961011	0.068795	68.600855	77.959107	0.154949	69.095972	85.048705	0.067178	69.095972	85.048705	0.067178
		68.141771	81.504382	0.089525
		-0.032966	0.016666	0.999318
253		29.237427	0.000000	0.086583	36.024416	0.000000	0.298955	38.982777	7.079693	0.285877	38.982777	7.079693	0.285877
		35.806849	3.539846	0.239323
		0.054537	-0.026775	-0.998153
254		38.982777	7.079693	0.285877	38.982777	7.079693	0.285877	35.879102	14.171762	0.083350	41.944585	14.167634	0.272785
		38.947310	10.624696	0.231972
		0.055110	-0.027118	-0.998112
255		35.879102	14.171762	0.083350	41.944585	14.167634	0.272785	44.906393	21.255576	0.259692	44.906393	21.255576	0.259692
		41.909118	17.712637	0.218879
		0.054427	-0.026724	-0.998160
256		44.906393	21.255576	0.259692	44.906393	21.255576	0.259692	42.522476	28.347151	0.080115	47.868201	28.343517	0.246599
		45.050865	24.800455	0.211524
		0.055068	-0.027101	-0.998115
257		42.522476	28.347151	0.080115	47.868201	28.343517	0.246599	50.830008	35.431458	0.233506	50.830008	35.431458	0.233506
		48.012673	31.888396	0.198431
		0.054287	-0.026658	-0.998169
258		50.830008	35.431458	0.233506	50.830008	35.431458	0.233506	49.165850	42.522539	0.076881	53.791816	42.519400	0.220413
		51.154421	38.976214	0.191076
		0.055014	-0.027078	-0.998118
259		49.165850	42.522539	0.076881	53.791816	42.519400	0.220413	56.753624	49.607341	0.207320	56.753624	49.607341	0.207320
		54.116229	46.064155	0.177984
		0.054102	-0.026571	-0.998182
260		56.753624	49.607341	0.207320	56.753624	49.607341	0.207320	55.809224	56.697928	0.073647	59.715432	56.695283	0.194227
		57.257976	53.151973	0.170629
		0.054940	-0.027047	-0.998123
261		55.809224	56.697928	0.073647	59.715432	56.695283	0.194227	62.677240	63.783224	0.181134	62.677240	63.783224	0.181134
		60.219784	60.239915	0.157536
		0.053845	-0.026451	-0.998199
262		62.677240	63.783224	0.181134	62.677240	63.783224	0.181134	62.452598	70.873316	0.070412	65.639048	70.871165	0.168041
		63.361531	67.327732	0.150181
		0.054835	-0.027003	-0.998130
263		62.452598	70.873316	0.070412	65.639048	70.871165	0.168041	68.600855	77.959107	0.154949	68.600855	77.959107	0.154949
		66.323339	74.415674	0.137088
		0.053464	-0.026272	-0.998224
264		68.600855	77.959107	0.154949	68.600855	77.959107	0.154949	69.095972	85.048705	0.067178	71.562663	85.047048	0.141856
		69.465087	81.503492	0.129733
		0.054672	-0.026935	-0.998141
265		36.024416	0.000000	0.298955	36.024416	0.000000	0.298955	38.982777	7.079693	0.285877	45.383333	7.087500	0.929250
		39.103736	3.541798	0.453259
		-0.048003	0.024149	0.998555
266		38.982777	7.079693	0.285877	45.383333	7.087500	0.929250	41.944585	14.167634	0.272785	41.944585	14.167634	0.272785
		42.063820	10.625615	0.440174
		-0.048932	0.024537	0.998501
267		41.944585	14.167634	0.272785	41.944585	14.167634	0.272785	44.906393	21.255576	0.259692	50.590000	21.262500	0.830550
		44.846391	17.713336	0.408953
		-0.047871	0.024094	0.998563
268		44.906393	21.255576	0.259692	50.590000	21.262500	0.830550	47.868201	28.343517	0.246599	47.868201	28.343517	0.246599
		47.808198	24.801277	0.395860
		-0.048914	0.024530	0.998502
269		47.868201	28.343517	0.246599	47.868201	28.343517	0.246599	50.830008	35.431458	0.233506	55.796667	35.437500	0.731850
		50.590769	31.888998	0.364638
		-0.047704	0.024024	0.998573
270		50.830008	35.431458	0.233506	55.796667	35.437500	0.731850	53.791816	42.519400	0.220413	53.791816	42.519400	0.220413
		53.552577	38.976940	0.351545
		-0.048891	0.024520	0.998503
271		53.791816	42.519400	0.220413	53.791816	42.519400	0.220413	56.753624	49.607341	0.207320	61.003333	49.612500	0.633150
		56.335147	46.064660	0.320324
		-0.047483	0.023932	0.998585
272		56.753624	49.607341	0.207320	61.003333	49.612500	0.633150	59.715432	56.695283	0.194227	59.715432	56.695283	0.194227
		59.296955	53.152602	0.307231
		-0.048859	0.024507	0.998505
273		59.715432	56.695283	0.194227	59.715432	56.695283	0.194227	62.677240	63.783224	0.181134	66.210000	63.787500	0.534450
		62.079526	60.240322	0.276010
		-0.047176	0.023803	0.998603
274		62.677240	63.783224	0.181134	66.210000	63.787500	0.534450	65.639048	70.871165	0.168041	65.639048	70.871165	0.168041
		65.041334	67.328264	0.262917
		-0.048813	0.024488	0.998508
275		65.639048	70.871165	0.168041	65.639048	70.871165	0.168041	68.600855	77.959107	0.154949	71.416667	77.962500	0.435750
		67.823904	74.415984	0.231695
		-0.046722	0.023614	0.998629
276		68.600855	77.959107	0.154949	71.416667	77.962500	0.435750	71.562663	85.047048	0.141856	71.562663	85.047048	0.141856
		70.785712	81.503926	0.218602
		-0.048743	0.024458	0.998512
277		36.024416	0.000000	0.298955	42.780000	0.000000	0.978600	45.383333	7.087500	0.929250	45.383333	7.087500	0.929250
		42.392771	3.543750	0.784014
		0.082385	-0.038510	-0.995856
278		45.383333	7.087500	0.929250	45.383333	7.087500	0.929250	41.944585	14.167634	0.272785	47.986667	14.175000	0.879900
		45.174480	10.629409	0.752796
		0.083316	-0.037537	-0.995816
279		41.944585	14.167634	0.272785	47.986667	14.175000	0.879900	50.590000	21.262500	0.830550	50.590000	21.262500	0.830550
		47.777813	17.716909	0.703446
		0.082255	-0.038456	-0.995869
280		50.590000	21.262500	0.830550	50.590000	21.262500	0.830550	47.868201	28.343517	0.246599	53.193333	28.350000	0.781200
		50.560383	24.804629	0.672225
		0.083298	-0.037530	-0.995818
281		47.868201	28.343517	0.246599	53.193333	28.350000	0.781200	55.796667	35.437500	0.731850	55.796667	35.437500	0.731850
		53.163717	31.892129	0.622875
		0.082088	-0.038386	-0.995886
282		55.796667	35.437500	0.731850	55.796667	35.437500	0.731850	53.791816	42.519400	0.220413	58.400000	42.525000	0.682500
		55.946287	38.979850	0.591653
		0.083274	-0.037522	-0.995820
283		53.791816	42.519400	0.220413	58.400000	42.525000	0.682500	61.003333	49.612500	0.633150	61.003333	49.612500	0.633150
		58.549621	46.067350	0.542303
		0.081868	-0.038294	-0.995907
284		61.003333	49.612500	0.633150	61.003333	49.612500	0.633150	59.715432	56.695283	0.194227	63.606667	56.700000	0.583800
		61.332191	53.155071	0.511082
		0.083242	-0.037510	-0.995823
285		59.715432	56.695283	0.194227	63.606667	56.700000	0.583800	66.210000	63.787500	0.534450	66.210000	63.787500	0.534450
		63.935525	60.242571	0.461732
		0.081562	-0.038166	-0.995937
286		66.210000	63.787500	0.534450	66.210000	63.787500	0.534450	65.639048	70.871165	0.168041	68.813333	70.875000	0.485100
		66.718095	67.330291	0.430510
		0.083197	-0.037493	-0.995828
287		65.639048	70.871165	0.168041	68.813333	70.875000	0.485100	71.416667	77.962500	0.435750	71.416667	77.962500	0.435750
		69.321429	74.417791	0.381160
		0.081109	-0.037977	-0.995981
288		71.416667	77.962500	0.435750	71.416667	77.962500	0.435750	71.562663	85.047048	0.141856	74.020000	85.050000	0.386400
		72.103999	81.505512	0.349939
		0.083127	-0.037468	-0.995834
Wing 3
Number of chordwise panel increments m =   12
Number of spanwise panel increments  n =   12
BC1=10
BC2=100

		Leading Edge Main Root Side Point              Trailing Edge Main Root Side Point               Leading Edge Main Tip Side Point               Trailing Edge Main Tip Side Point
Index   	x1LE        	y1LE        	z1LE        	x1TE        	y1TE        	z1TE        	x2LE        	y2LE        	z2LE        	x2TE        	y2TE        	z2TE
	Control Points
	Control Point Normals#
289		-2.285450	0.000000	-5.030157	-2.285450	0.000000	-5.030157	4.867299	10.703715	-4.885460	5.116042	10.526332	-3.964134
		1.353110	5.307512	-4.727477
		-0.772781	0.511328	0.375970
290		4.867299	10.703715	-4.885460	5.116042	10.526332	-3.964134	9.454908	17.568832	-4.792654	9.454908	17.568832	-4.792654
		7.223289	14.091928	-4.608726
		-0.764646	0.505572	0.399642
291		9.454908	17.568832	-4.792654	9.454908	17.568832	-4.792654	14.042518	24.433948	-4.699849	14.315659	24.240757	-3.809407
		11.816998	20.953092	-4.523641
		-0.758460	0.501209	0.416568
292		14.042518	24.433948	-4.699849	14.315659	24.240757	-3.809407	18.630127	31.299065	-4.607043	18.630127	31.299065	-4.607043
		16.404607	27.818209	-4.430836
		-0.751114	0.496042	0.435626
293		18.630127	31.299065	-4.607043	18.630127	31.299065	-4.607043	23.217736	38.164182	-4.514238	23.515276	37.955182	-3.654679
		20.998316	34.679374	-4.345751
		-0.744067	0.491098	0.452976
294		23.217736	38.164182	-4.514238	23.515276	37.955182	-3.654679	27.805345	45.029299	-4.421432	27.805345	45.029299	-4.421432
		25.585926	41.544490	-4.252945
		-0.735801	0.485313	0.472301
295		27.805345	45.029299	-4.421432	27.805345	45.029299	-4.421432	32.392954	51.894416	-4.328627	32.714894	51.669606	-3.499952
		30.179634	48.405655	-4.167861
		-0.727838	0.479753	0.489988
296		32.392954	51.894416	-4.328627	32.714894	51.669606	-3.499952	36.980563	58.759533	-4.235822	36.980563	58.759533	-4.235822
		34.767244	55.270772	-4.075055
		-0.718612	0.473325	0.509470
297		36.980563	58.759533	-4.235822	36.980563	58.759533	-4.235822	41.568173	65.624649	-4.143016	41.914511	65.384031	-3.345224
		39.360953	62.131936	-3.989971
		-0.709689	0.467120	0.527391
298		41.568173	65.624649	-4.143016	41.914511	65.384031	-3.345224	46.155782	72.489766	-4.050211	46.155782	72.489766	-4.050211
		43.948562	68.997053	-3.897165
		-0.699476	0.460031	0.546905
299		46.155782	72.489766	-4.050211	46.155782	72.489766	-4.050211	50.743391	79.354883	-3.957405	51.114128	79.098456	-3.190497
		48.542271	75.858218	-3.812081
		-0.689558	0.453160	0.564938
300		50.743391	79.354883	-3.957405	51.114128	79.098456	-3.190497	55.331000	86.220000	-3.864600	55.331000	86.220000	-3.864600
		53.129880	82.723335	-3.719275
		-0.678347	0.445406	0.584345
301		-2.285450	0.000000	-5.030157	-1.945008	0.000000	-4.082893	5.116042	10.526332	-3.964134	5.116042	10.526332	-3.964134
		1.500406	5.263166	-4.260330
		0.772539	-0.511156	-0.376701
302		5.116042	10.526332	-3.964134	5.116042	10.526332	-3.964134	9.454908	17.568832	-4.792654	9.715850	17.383544	-3.886770
		7.350710	14.001260	-4.151923
		0.763647	-0.507326	-0.399330
303		9.454908	17.568832	-4.792654	9.715850	17.383544	-3.886770	14.315659	24.240757	-3.809407	14.315659	24.240757	-3.809407
		11.950519	20.858472	-4.074559
		0.758338	-0.501123	-0.416891
304		14.315659	24.240757	-3.809407	14.315659	24.240757	-3.809407	18.630127	31.299065	-4.607043	18.915468	31.097969	-3.732043
		16.544228	27.719637	-3.989475
		0.750089	-0.497848	-0.435333
305		18.630127	31.299065	-4.607043	18.915468	31.097969	-3.732043	23.515276	37.955182	-3.654679	23.515276	37.955182	-3.654679
		21.144037	34.576849	-3.912111
		0.743940	-0.491009	-0.453281
306		23.515276	37.955182	-3.654679	23.515276	37.955182	-3.654679	27.805345	45.029299	-4.421432	28.115085	44.812394	-3.577315
		25.737746	41.438014	-3.827026
		0.734749	-0.487169	-0.472028
307		27.805345	45.029299	-4.421432	28.115085	44.812394	-3.577315	32.714894	51.669606	-3.499952	32.714894	51.669606	-3.499952
		30.337554	48.295226	-3.749663
		0.727707	-0.479662	-0.490272
308		32.714894	51.669606	-3.499952	32.714894	51.669606	-3.499952	36.980563	58.759533	-4.235822	37.314702	58.526819	-3.422588
		34.931263	55.156391	-3.664578
		0.717534	-0.475227	-0.509219
309		36.980563	58.759533	-4.235822	37.314702	58.526819	-3.422588	41.914511	65.384031	-3.345224	41.914511	65.384031	-3.345224
		39.531072	62.013603	-3.587214
		0.709556	-0.467027	-0.527651
310		41.914511	65.384031	-3.345224	41.914511	65.384031	-3.345224	46.155782	72.489766	-4.050211	46.514320	72.241243	-3.267860
		44.124781	68.874768	-3.502130
		0.698370	-0.461977	-0.546678
311		46.155782	72.489766	-4.050211	46.514320	72.241243	-3.267860	51.114128	79.098456	-3.190497	51.114128	79.098456	-3.190497
		48.724590	75.731980	-3.424766
		0.689426	-0.453068	-0.565173
312		51.114128	79.098456	-3.190497	51.114128	79.098456	-3.190497	55.331000	86.220000	-3.864600	55.713937	85.955668	-3.113133
		53.318298	82.593145	-3.339681
		0.677212	-0.447391	-0.584145
313		-1.945008	0.000000	-4.082893	-1.945008	0.000000	-4.082893	5.116042	10.526332	-3.964134	5.477836	10.274867	-3.126000
		1.675966	5.200300	-3.813980
		-0.762564	0.506567	0.402352
314		5.116042	10.526332	-3.964134	5.477836	10.274867	-3.126000	9.715850	17.383544	-3.886770	9.715850	17.383544	-3.886770
		7.506394	13.892072	-3.715919
		-0.754201	0.500718	0.424808
315		9.715850	17.383544	-3.886770	9.715850	17.383544	-3.886770	14.315659	24.240757	-3.809407	14.696879	23.976853	-3.005622
		12.111060	20.746174	-3.647142
		-0.747351	0.495938	0.442168
316		14.315659	24.240757	-3.809407	14.696879	23.976853	-3.005622	18.915468	31.097969	-3.732043	18.915468	31.097969	-3.732043
		16.710868	27.603387	-3.569779
		-0.739810	0.490687	0.460333
317		18.915468	31.097969	-3.732043	18.915468	31.097969	-3.732043	23.515276	37.955182	-3.654679	23.915923	37.678838	-2.885244
		21.315534	34.457490	-3.501002
		-0.732078	0.485313	0.478052
318		23.515276	37.955182	-3.654679	23.915923	37.678838	-2.885244	28.115085	44.812394	-3.577315	28.115085	44.812394	-3.577315
		25.915342	41.314702	-3.423638
		-0.723622	0.479445	0.496491
319		28.115085	44.812394	-3.577315	28.115085	44.812394	-3.577315	32.714894	51.669606	-3.499952	33.134967	51.380824	-2.764866
		30.520008	48.168805	-3.354862
		-0.714959	0.473444	0.514475
320		32.714894	51.669606	-3.499952	33.134967	51.380824	-2.764866	37.314702	58.526819	-3.422588	37.314702	58.526819	-3.422588
		35.119816	55.026017	-3.277498
		-0.705547	0.466934	0.533082
321		37.314702	58.526819	-3.422588	37.314702	58.526819	-3.422588	41.914511	65.384031	-3.345224	42.354010	65.082810	-2.644488
		39.724482	61.880120	-3.208722
		-0.695914	0.460281	0.551222
322		41.914511	65.384031	-3.345224	42.354010	65.082810	-2.644488	46.514320	72.241243	-3.267860	46.514320	72.241243	-3.267860
		44.324290	68.737332	-3.131358
		-0.685517	0.453111	0.569875
323		46.514320	72.241243	-3.267860	46.514320	72.241243	-3.267860	51.114128	79.098456	-3.190497	51.573054	78.784796	-2.524109
		48.928955	75.591435	-3.062582
		-0.674888	0.445791	0.588045
324		51.114128	79.098456	-3.190497	51.573054	78.784796	-2.524109	55.713937	85.955668	-3.113133	55.713937	85.955668	-3.113133
		53.528764	82.448647	-2.985218
		-0.663494	0.437953	0.606608
325		-1.945008	0.000000	-4.082893	-1.435355	0.000000	-3.216270	5.477836	10.274867	-3.126000	5.477836	10.274867	-3.126000
		1.893827	5.137433	-3.387791
		0.742610	-0.492636	-0.453697
326		5.477836	10.274867	-3.126000	5.477836	10.274867	-3.126000	9.715850	17.383544	-3.886770	10.087358	17.125860	-3.065811
		7.689720	13.764784	-3.301145
		0.732155	-0.487957	-0.475234
327		9.715850	17.383544	-3.886770	10.087358	17.125860	-3.065811	14.696879	23.976853	-3.005622	14.696879	23.976853	-3.005622
		12.299242	20.615777	-3.240956
		0.725674	-0.480868	-0.492101
328		14.696879	23.976853	-3.005622	14.696879	23.976853	-3.005622	18.915468	31.097969	-3.732043	19.306401	30.827845	-2.945433
		16.903907	27.469880	-3.172180
		0.716089	-0.476876	-0.509712
329		18.915468	31.097969	-3.732043	19.306401	30.827845	-2.945433	23.915923	37.678838	-2.885244	23.915923	37.678838	-2.885244
		21.513429	34.320873	-3.111991
		0.708737	-0.469139	-0.526878
330		23.915923	37.678838	-2.885244	23.915923	37.678838	-2.885244	28.115085	44.812394	-3.577315	28.525445	44.529831	-2.825055
		26.118094	41.174975	-3.043214
		0.698199	-0.464565	-0.544700
331		28.115085	44.812394	-3.577315	28.525445	44.529831	-2.825055	33.134967	51.380824	-2.764866	33.134967	51.380824	-2.764866
		30.727616	48.025968	-2.983025
		0.689930	-0.456154	-0.562068
332		33.134967	51.380824	-2.764866	33.134967	51.380824	-2.764866	37.314702	58.526819	-3.422588	37.744489	58.231817	-2.704677
		35.332281	54.880071	-2.914249
		0.678406	-0.450972	-0.579991
333		37.314702	58.526819	-3.422588	37.744489	58.231817	-2.704677	42.354010	65.082810	-2.644488	42.354010	65.082810	-2.644488
		39.941803	61.731064	-2.854060
		0.669185	-0.441866	-0.597450
334		42.354010	65.082810	-2.644488	42.354010	65.082810	-2.644488	46.514320	72.241243	-3.267860	46.963532	71.933803	-2.584298
		44.546468	68.585167	-2.785283
		0.656652	-0.436062	-0.615352
335		46.514320	72.241243	-3.267860	46.963532	71.933803	-2.584298	51.573054	78.784796	-2.524109	51.573054	78.784796	-2.524109
		49.155990	75.436159	-2.725094
		0.646458	-0.426252	-0.632773
336		51.573054	78.784796	-2.524109	51.573054	78.784796	-2.524109	55.713937	85.955668	-3.113133	56.182576	85.635789	-2.463920
		53.760655	82.290262	-2.656318
		0.632913	-0.419820	-0.650517
337		-1.435355	0.000000	-3.216270	-1.435355	0.000000	-3.216270	5.477836	10.274867	-3.126000	5.879899	9.996783	-2.317580
		2.121756	5.067913	-2.969030
		-0.725499	0.483363	0.489910
338		5.477836	10.274867	-3.126000	5.879899	9.996783	-2.317580	10.087358	17.125860	-3.065811	10.087358	17.125860	-3.065811
		7.883112	13.630842	-2.893801
		-0.715589	0.476531	0.510735
339		10.087358	17.125860	-3.065811	10.087358	17.125860	-3.065811	14.696879	23.976853	-3.005622	15.116593	23.687534	-2.232789
		12.497047	20.479026	-2.842508
		-0.707258	0.470795	0.527388
340		14.696879	23.976853	-3.005622	15.116593	23.687534	-2.232789	19.306401	30.827845	-2.945433	19.306401	30.827845	-2.945433
		17.106569	27.330019	-2.782319
		-0.698364	0.464678	0.544392
341		19.306401	30.827845	-2.945433	19.306401	30.827845	-2.945433	23.915923	37.678838	-2.885244	24.353287	37.378284	-2.147998
		21.720503	34.178203	-2.731027
		-0.689123	0.458329	0.561288
342		23.915923	37.678838	-2.885244	24.353287	37.378284	-2.147998	28.525445	44.529831	-2.825055	28.525445	44.529831	-2.825055
		26.330025	41.029196	-2.670838
		-0.679298	0.451585	0.578468
343		28.525445	44.529831	-2.825055	28.525445	44.529831	-2.825055	33.134967	51.380824	-2.764866	33.589981	51.069034	-2.063207
		30.943959	47.877380	-2.619546
		-0.669108	0.444596	0.595508
344		33.134967	51.380824	-2.764866	33.589981	51.069034	-2.063207	37.744489	58.231817	-2.704677	37.744489	58.231817	-2.704677
		35.553481	54.728373	-2.559357
		-0.658319	0.437204	0.612755
345		37.744489	58.231817	-2.704677	37.744489	58.231817	-2.704677	42.354010	65.082810	-2.644488	42.826675	64.759785	-1.978416
		40.167416	61.576557	-2.508064
		-0.647150	0.429558	0.629823
346		42.354010	65.082810	-2.644488	42.826675	64.759785	-1.978416	46.963532	71.933803	-2.584298	46.963532	71.933803	-2.584298
		44.776938	68.427550	-2.447875
		-0.635378	0.421506	0.647014
347		46.963532	71.933803	-2.584298	46.963532	71.933803	-2.584298	51.573054	78.784796	-2.524109	52.063369	78.450535	-1.893625
		49.390872	75.275734	-2.396583
		-0.623217	0.413193	0.663982
348		51.573054	78.784796	-2.524109	52.063369	78.450535	-1.893625	56.182576	85.635789	-2.463920	56.182576	85.635789	-2.463920
		54.000394	82.126727	-2.336394
		-0.610459	0.404480	0.680982
349		-1.435355	0.000000	-3.216270	-0.864598	0.000000	-2.379493	5.879899	9.996783	-2.317580	5.879899	9.996783	-2.317580
		2.364961	4.998392	-2.557731
		0.715032	-0.476147	-0.511872
350		5.879899	9.996783	-2.317580	5.879899	9.996783	-2.317580	10.087358	17.125860	-3.065811	10.498246	16.842158	-2.275185
		8.086351	13.490396	-2.494039
		0.703619	-0.470973	-0.532075
351		10.087358	17.125860	-3.065811	10.498246	16.842158	-2.275185	15.116593	23.687534	-2.232789	15.116593	23.687534	-2.232789
		12.704698	20.335771	-2.451644
		0.696176	-0.463174	-0.548460
352		15.116593	23.687534	-2.232789	15.116593	23.687534	-2.232789	19.306401	30.827845	-2.945433	19.734940	30.532909	-2.190394
		17.318632	27.183955	-2.400351
		0.685674	-0.458695	-0.565199
353		19.306401	30.827845	-2.945433	19.734940	30.532909	-2.190394	24.353287	37.378284	-2.147998	24.353287	37.378284	-2.147998
		21.936979	34.029330	-2.357956
		0.677342	-0.450242	-0.581799
354		24.353287	37.378284	-2.147998	24.353287	37.378284	-2.147998	28.525445	44.529831	-2.825055	28.971634	44.223659	-2.105603
		26.550913	40.877514	-2.306664
		0.665882	-0.445169	-0.598686
355		28.525445	44.529831	-2.825055	28.971634	44.223659	-2.105603	33.589981	51.069034	-2.063207	33.589981	51.069034	-2.063207
		31.169260	47.722890	-2.264268
		0.656620	-0.436040	-0.615401
356		33.589981	51.069034	-2.063207	33.589981	51.069034	-2.063207	37.744489	58.231817	-2.704677	38.208328	57.914409	-2.020812
		35.783195	54.571074	-2.212976
		0.644174	-0.430353	-0.632326
357		37.744489	58.231817	-2.704677	38.208328	57.914409	-2.020812	42.826675	64.759785	-1.978416	42.826675	64.759785	-1.978416
		40.401542	61.416449	-2.170580
		0.633955	-0.420532	-0.649041
358		42.826675	64.759785	-1.978416	42.826675	64.759785	-1.978416	46.963532	71.933803	-2.584298	47.445022	71.605160	-1.936021
		45.015476	68.264633	-2.119288
		0.620507	-0.414217	-0.665880
359		46.963532	71.933803	-2.584298	47.445022	71.605160	-1.936021	52.063369	78.450535	-1.893625	52.063369	78.450535	-1.893625
		49.633823	75.110008	-2.076893
		0.609317	-0.403701	-0.682464
360		52.063369	78.450535	-1.893625	52.063369	78.450535	-1.893625	56.182576	85.635789	-2.463920	56.681716	85.295910	-1.851230
		54.247758	81.958192	-2.025600
		0.594870	-0.396755	-0.699082
361		-0.864598	0.000000	-2.379493	-0.864598	0.000000	-2.379493	5.879899	9.996783	-2.317580	6.308676	9.700757	-1.528971
		2.614845	4.924385	-2.151384
		-0.701394	0.469450	0.536342
362		5.879899	9.996783	-2.317580	6.308676	9.700757	-1.528971	10.498246	16.842158	-2.275185	10.498246	16.842158	-2.275185
		8.296267	13.345464	-2.099230
		-0.690704	0.462135	0.556201
363		10.498246	16.842158	-2.275185	10.498246	16.842158	-2.275185	15.116593	23.687534	-2.232789	15.561837	23.381074	-1.480593
		12.918731	20.188231	-2.065938
		-0.681639	0.455936	0.572268
364		15.116593	23.687534	-2.232789	15.561837	23.381074	-1.480593	19.734940	30.532909	-2.190394	19.734940	30.532909	-2.190394
		17.537078	27.033606	-2.023542
		-0.671976	0.449332	0.588684
365		19.734940	30.532909	-2.190394	19.734940	30.532909	-2.190394	24.353287	37.378284	-2.147998	24.814997	37.061391	-1.432214
		22.159541	33.876373	-1.990250
		-0.661992	0.442513	0.604938
366		24.353287	37.378284	-2.147998	24.814997	37.061391	-1.432214	28.971634	44.223659	-2.105603	28.971634	44.223659	-2.105603
		26.777888	40.721748	-1.947855
		-0.651392	0.435278	0.621467
367		28.971634	44.223659	-2.105603	28.971634	44.223659	-2.105603	33.589981	51.069034	-2.063207	34.068157	50.741708	-1.383836
		31.400352	47.564515	-1.914562
		-0.640452	0.427814	0.637805
368		33.589981	51.069034	-2.063207	34.068157	50.741708	-1.383836	38.208328	57.914409	-2.020812	38.208328	57.914409	-2.020812
		36.018699	54.409890	-1.872167
		-0.628890	0.419930	0.654337
369		38.208328	57.914409	-2.020812	38.208328	57.914409	-2.020812	42.826675	64.759785	-1.978416	43.321318	64.422025	-1.335457
		40.641162	61.252657	-1.838874
		-0.616971	0.411807	0.670643
370		42.826675	64.759785	-1.978416	43.321318	64.422025	-1.335457	47.445022	71.605160	-1.936021	47.445022	71.605160	-1.936021
		45.259509	68.098032	-1.796479
		-0.604431	0.403266	0.687051
371		47.445022	71.605160	-1.936021	47.445022	71.605160	-1.936021	52.063369	78.450535	-1.893625	52.574478	78.102343	-1.287079
		49.881973	74.940799	-1.763187
		-0.591525	0.394478	0.703196
372		52.063369	78.450535	-1.893625	52.574478	78.102343	-1.287079	56.681716	85.295910	-1.851230	56.681716	85.295910	-1.851230
		54.500320	81.786174	-1.720791
		-0.578012	0.385282	0.719347
373		-0.864598	0.000000	-2.379493	-0.252770	0.000000	-1.563277	6.308676	9.700757	-1.528971	6.308676	9.700757	-1.528971
		2.874996	4.850378	-1.750178
		0.686475	-0.459242	-0.563781
374		6.308676	9.700757	-1.528971	6.308676	9.700757	-1.528971	10.498246	16.842158	-2.275185	10.935256	16.540915	-1.504782
		8.512714	13.196147	-1.709477
		0.674180	-0.453595	-0.582866
375		10.498246	16.842158	-2.275185	10.935256	16.540915	-1.504782	15.561837	23.381074	-1.480593	15.561837	23.381074	-1.480593
		13.139294	20.036305	-1.685288
		0.665958	-0.445221	-0.598563
376		15.561837	23.381074	-1.480593	15.561837	23.381074	-1.480593	19.734940	30.532909	-2.190394	20.188417	30.221232	-1.456404
		17.761758	26.879072	-1.651996
		0.654564	-0.440246	-0.614596
377		19.734940	30.532909	-2.190394	20.188417	30.221232	-1.456404	24.814997	37.061391	-1.432214	24.814997	37.061391	-1.432214
		22.388338	33.719231	-1.627807
		0.645439	-0.431216	-0.630445
378		24.814997	37.061391	-1.432214	24.814997	37.061391	-1.432214	28.971634	44.223659	-2.105603	29.441577	43.901549	-1.408025
		27.010801	40.561998	-1.594514
		0.633088	-0.425639	-0.646553
379		28.971634	44.223659	-2.105603	29.441577	43.901549	-1.408025	34.068157	50.741708	-1.383836	34.068157	50.741708	-1.383836
		31.637382	47.402156	-1.570325
		0.623025	-0.415933	-0.662450
380		34.068157	50.741708	-1.383836	34.068157	50.741708	-1.383836	38.208328	57.914409	-2.020812	38.694738	57.581867	-1.359647
		36.259845	54.244923	-1.537033
		0.609692	-0.409736	-0.678521
381		38.208328	57.914409	-2.020812	38.694738	57.581867	-1.359647	43.321318	64.422025	-1.335457	43.321318	64.422025	-1.335457
		40.886425	61.085082	-1.512843
		0.598670	-0.399343	-0.694348
382		43.321318	64.422025	-1.335457	43.321318	64.422025	-1.335457	47.445022	71.605160	-1.936021	47.947898	71.262184	-1.311268
		45.508889	67.927849	-1.479551
		0.584348	-0.392517	-0.710259
383		47.445022	71.605160	-1.936021	47.947898	71.262184	-1.311268	52.574478	78.102343	-1.287079	52.574478	78.102343	-1.287079
		50.135469	74.768007	-1.455362
		0.572359	-0.381437	-0.725886
384		52.574478	78.102343	-1.287079	52.574478	78.102343	-1.287079	56.681716	85.295910	-1.851230	57.201058	84.942501	-1.262890
		54.757932	81.610774	-1.422069
		0.557057	-0.373985	-0.741500
385		-0.252770	0.000000	-1.563277	-0.252770	0.000000	-1.563277	6.308676	9.700757	-1.528971	6.797335	9.364032	-0.784939
		3.150118	4.766197	-1.360116
		-0.670051	0.450785	0.589767
386		6.308676	9.700757	-1.528971	6.797335	9.364032	-0.784939	10.935256	16.540915	-1.504782	10.935256	16.540915	-1.504782
		8.744131	13.036655	-1.330869
		-0.658524	0.442940	0.608400
387		10.935256	16.540915	-1.504782	10.935256	16.540915	-1.504782	15.561837	23.381074	-1.480593	16.064298	23.035721	-0.774830
		13.374162	19.874656	-1.316247
		-0.648597	0.436187	0.623749
388		15.561837	23.381074	-1.480593	16.064298	23.035721	-0.774830	20.188417	30.221232	-1.456404	20.188417	30.221232	-1.456404
		18.000742	26.714815	-1.292057
		-0.638081	0.429035	0.639360
389		20.188417	30.221232	-1.456404	20.188417	30.221232	-1.456404	24.814997	37.061391	-1.432214	25.331261	36.707410	-0.764720
		22.630773	33.552816	-1.277435
		-0.627227	0.421654	0.654824
390		24.814997	37.061391	-1.432214	25.331261	36.707410	-0.764720	29.441577	43.901549	-1.408025	29.441577	43.901549	-1.408025
		27.257353	40.392975	-1.253246
		-0.615772	0.413868	0.670475
391		29.441577	43.901549	-1.408025	29.441577	43.901549	-1.408025	34.068157	50.741708	-1.383836	34.598224	50.379100	-0.754611
		31.887384	47.230977	-1.238624
		-0.603960	0.405841	0.685949
392		34.068157	50.741708	-1.383836	34.598224	50.379100	-0.754611	38.694738	57.581867	-1.359647	38.694738	57.581867	-1.359647
		36.513964	54.071135	-1.214435
		-0.591546	0.397406	0.701528
393		38.694738	57.581867	-1.359647	38.694738	57.581867	-1.359647	43.321318	64.422025	-1.335457	43.865187	64.050789	-0.744501
		41.143995	60.909137	-1.199813
		-0.578758	0.388720	0.716893
394		43.321318	64.422025	-1.335457	43.865187	64.050789	-0.744501	47.947898	71.262184	-1.311268	47.947898	71.262184	-1.311268
		45.770575	67.749295	-1.175624
		-0.565377	0.379634	0.732275
395		47.947898	71.262184	-1.311268	47.947898	71.262184	-1.311268	52.574478	78.102343	-1.287079	53.132150	77.722478	-0.734392
		50.400606	74.587297	-1.161002
		-0.551612	0.370288	0.747402
396		52.574478	78.102343	-1.287079	53.132150	77.722478	-0.734392	57.201058	84.942501	-1.262890	57.201058	84.942501	-1.262890
		55.027186	81.427456	-1.136812
		-0.537275	0.360557	0.762452
397		-0.252770	0.000000	-1.563277	0.450194	0.000000	-0.791864	6.797335	9.364032	-0.784939	6.797335	9.364032	-0.784939
		3.448024	4.682016	-0.981255
		0.654327	-0.440085	-0.614965
398		6.797335	9.364032	-0.784939	6.797335	9.364032	-0.784939	10.935256	16.540915	-1.504782	11.430817	16.199877	-0.779885
		8.990186	12.867214	-0.963636
		0.641247	-0.434014	-0.632799
399		10.935256	16.540915	-1.504782	11.430817	16.199877	-0.779885	16.064298	23.035721	-0.774830	16.064298	23.035721	-0.774830
		13.623667	19.703059	-0.958582
		0.632238	-0.425062	-0.647763
400		16.064298	23.035721	-0.774830	16.064298	23.035721	-0.774830	20.188417	30.221232	-1.456404	20.697780	29.871566	-0.769775
		18.253698	26.541060	-0.943960
		0.619997	-0.419606	-0.662974
401		20.188417	30.221232	-1.456404	20.697780	29.871566	-0.769775	25.331261	36.707410	-0.764720	25.331261	36.707410	-0.764720
		22.887180	33.376905	-0.938905
		0.610076	-0.409997	-0.678019
402		25.331261	36.707410	-0.764720	25.331261	36.707410	-0.764720	29.441577	43.901549	-1.408025	29.964743	43.543255	-0.759666
		27.517211	40.214906	-0.924283
		0.596880	-0.403933	-0.693234
403		29.441577	43.901549	-1.408025	29.964743	43.543255	-0.759666	34.598224	50.379100	-0.754611	34.598224	50.379100	-0.754611
		32.150692	47.050751	-0.919228
		0.586017	-0.393651	-0.708254
404		34.598224	50.379100	-0.754611	34.598224	50.379100	-0.754611	38.694738	57.581867	-1.359647	39.231706	57.214944	-0.749556
		36.780723	53.888753	-0.904606
		0.571849	-0.386963	-0.723359
405		38.694738	57.581867	-1.359647	39.231706	57.214944	-0.749556	43.865187	64.050789	-0.744501	43.865187	64.050789	-0.744501
		41.414204	60.724597	-0.899551
		0.560028	-0.376002	-0.738235
406		43.865187	64.050789	-0.744501	43.865187	64.050789	-0.744501	47.947898	71.262184	-1.311268	48.498668	70.886634	-0.739446
		46.044235	67.562599	-0.884929
		0.544886	-0.368686	-0.753107
407		47.947898	71.262184	-1.311268	48.498668	70.886634	-0.739446	53.132150	77.722478	-0.734392	53.132150	77.722478	-0.734392
		50.677716	74.398444	-0.879874
		0.532107	-0.357050	-0.767709
408		53.132150	77.722478	-0.734392	53.132150	77.722478	-0.734392	57.201058	84.942501	-1.262890	57.765631	84.558323	-0.729337
		55.307747	81.236445	-0.865252
		0.516009	-0.349113	-0.782212
409		0.450194	0.000000	-0.791864	0.450194	0.000000	-0.791864	6.797335	9.364032	-0.784939	7.309590	9.010632	-0.058696
		3.751829	4.593666	-0.606841
		-0.649860	0.439854	0.619848
410		6.797335	9.364032	-0.784939	7.309590	9.010632	-0.058696	11.430817	16.199877	-0.779885	11.430817	16.199877	-0.779885
		9.242140	12.693604	-0.600851
		-0.637763	0.431651	0.637915
411		11.430817	16.199877	-0.779885	11.430817	16.199877	-0.779885	16.064298	23.035721	-0.774830	16.589293	22.674414	-0.087596
		13.878806	19.527472	-0.605549
		-0.627320	0.424570	0.652848
412		16.064298	23.035721	-0.774830	16.589293	22.674414	-0.087596	20.697780	29.871566	-0.769775	20.697780	29.871566	-0.769775
		18.512288	26.363317	-0.600494
		-0.616347	0.417131	0.667921
413		20.697780	29.871566	-0.769775	20.697780	29.871566	-0.769775	25.331261	36.707410	-0.764720	25.868996	36.338195	-0.116496
		23.148954	33.197184	-0.605192
		-0.604974	0.409421	0.682921
414		25.331261	36.707410	-0.764720	25.868996	36.338195	-0.116496	29.964743	43.543255	-0.759666	29.964743	43.543255	-0.759666
		27.782436	40.033029	-0.600137
		-0.593062	0.401344	0.697997
415		29.964743	43.543255	-0.759666	29.964743	43.543255	-0.759666	34.598224	50.379100	-0.754611	35.148698	50.001977	-0.145396
		32.419102	46.866897	-0.604834
		-0.580734	0.392987	0.712958
416		34.598224	50.379100	-0.754611	35.148698	50.001977	-0.145396	39.231706	57.214944	-0.749556	39.231706	57.214944	-0.749556
		37.052583	53.702741	-0.599780
		-0.567864	0.384262	0.727924
417		39.231706	57.214944	-0.749556	39.231706	57.214944	-0.749556	43.865187	64.050789	-0.744501	44.428401	63.665758	-0.174296
		41.689250	60.536609	-0.604477
		-0.554568	0.375249	0.742726
418		43.865187	64.050789	-0.744501	44.428401	63.665758	-0.174296	48.498668	70.886634	-0.739446	48.498668	70.886634	-0.739446
		46.322731	67.372454	-0.599422
		-0.540737	0.365874	0.757457
419		48.498668	70.886634	-0.739446	48.498668	70.886634	-0.739446	53.132150	77.722478	-0.734392	53.708104	77.329540	-0.203195
		50.959398	74.206321	-0.604120
		-0.526476	0.356207	0.771971
420		53.132150	77.722478	-0.734392	53.708104	77.329540	-0.203195	57.765631	84.558323	-0.729337	57.765631	84.558323	-0.729337
		55.592879	81.042166	-0.599065
		-0.511698	0.346191	0.786332
421		0.450194	0.000000	-0.791864	1.190055	0.000000	-0.039638	7.309590	9.010632	-0.058696	7.309590	9.010632	-0.058696
		4.064858	4.505316	-0.237224
		0.640478	-0.433493	-0.633934
422		7.309590	9.010632	-0.058696	7.309590	9.010632	-0.058696	11.430817	16.199877	-0.779885	11.949442	15.842523	-0.073146
		9.499860	12.515916	-0.242606
		0.627037	-0.427227	-0.651385
423		11.430817	16.199877	-0.779885	11.949442	15.842523	-0.073146	16.589293	22.674414	-0.087596	16.589293	22.674414	-0.087596
		14.139711	19.347807	-0.257056
		0.617706	-0.418052	-0.666087
424		16.589293	22.674414	-0.087596	16.589293	22.674414	-0.087596	20.697780	29.871566	-0.769775	21.229144	29.506305	-0.102046
		18.776377	26.181675	-0.261753
		0.605170	-0.412439	-0.680929
425		20.697780	29.871566	-0.769775	21.229144	29.506305	-0.102046	25.868996	36.338195	-0.116496	25.868996	36.338195	-0.116496
		23.416229	33.013565	-0.276203
		0.594926	-0.402608	-0.695680
426		25.868996	36.338195	-0.116496	25.868996	36.338195	-0.116496	29.964743	43.543255	-0.759666	30.508847	43.170086	-0.130946
		28.052895	39.847433	-0.280901
		0.581435	-0.396382	-0.710504
427		29.964743	43.543255	-0.759666	30.508847	43.170086	-0.130946	35.148698	50.001977	-0.145396	35.148698	50.001977	-0.145396
		32.692746	46.679324	-0.295351
		0.570251	-0.385880	-0.725196
428		35.148698	50.001977	-0.145396	35.148698	50.001977	-0.145396	39.231706	57.214944	-0.749556	39.788550	56.833868	-0.159846
		37.329413	53.513191	-0.300048
		0.555791	-0.379028	-0.739888
429		39.231706	57.214944	-0.749556	39.788550	56.833868	-0.159846	44.428401	63.665758	-0.174296	44.428401	63.665758	-0.174296
		41.969264	60.345082	-0.314498
		0.543655	-0.367852	-0.754404
430		44.428401	63.665758	-0.174296	44.428401	63.665758	-0.174296	48.498668	70.886634	-0.739446	49.068252	70.497649	-0.188745
		46.605931	67.178950	-0.319196
		0.528226	-0.360369	-0.768838
431		48.498668	70.886634	-0.739446	49.068252	70.497649	-0.188745	53.708104	77.329540	-0.203195	53.708104	77.329540	-0.203195
		51.245782	74.010841	-0.333646
		0.515141	-0.348524	-0.783046
432		53.708104	77.329540	-0.203195	53.708104	77.329540	-0.203195	57.765631	84.558323	-0.729337	58.347955	84.161431	-0.217645
		55.882448	80.844708	-0.338343
		0.498762	-0.340418	-0.797089
