     0.000000     0.000000
     0.004006    -0.000028
     0.010029    -0.000304
     0.014046    -0.000439
     0.020072    -0.000679
     0.026101    -0.000820
     0.032129    -0.000951
     0.040165    -0.001055
     0.050212    -0.001115
     0.060260    -0.001115
     0.070306    -0.001050
     0.080356    -0.000944
     0.100452    -0.000627
     0.120549    -0.000224
     0.140648     0.000183
     0.160745     0.000595
     0.190894     0.001170
     0.221042     0.001712
     0.261241     0.002452
     0.301440     0.003257
     0.351691     0.004202
     0.401942     0.005288
     0.452192     0.006495
     0.502445     0.007908
     0.552699     0.009557
     0.602955     0.011463
     0.653212     0.013509
     0.703472     0.015470
     0.743679     0.016605
     0.783887     0.017360
     0.824094     0.017138
     0.864301     0.015740
     0.904509     0.012996
     0.934663     0.010026
     0.954767     0.007618
     0.974869     0.004899
     0.984920     0.003426
     0.994973     0.001883
     1.000001	  0.000266
