	 0.000000     0.000000     
     0.004337     0.000348     
     0.006749     0.000534     
     0.009677     0.000764     
     0.013114     0.001033     
     0.017054     0.001339     
     0.019210     0.001505     
     0.021489     0.001680     
     0.023890     0.001864     
     0.026412     0.002056     
     0.029054     0.002256     
     0.031815     0.002463     
     0.034695     0.002678     
     0.037693     0.002901     
     0.040806     0.003131     
     0.044036     0.003367     
     0.047380     0.003610     
     0.050838     0.003860     
     0.054408     0.004115     
     0.058090     0.004377     
     0.061883     0.004644     
     0.065785     0.004916     
     0.069797     0.005194     
     0.073916     0.005476     
     0.078142     0.005763     
     0.082474     0.006054     
     0.086911     0.006348     
     0.091451     0.006647     
     0.096094     0.006949     
     0.100839     0.007254     
     0.105685     0.007561     
     0.110630     0.007871     
     0.115674     0.008183     
     0.120815     0.008497     
     0.126054     0.008813     
     0.131387     0.009130     
     0.136815     0.009448     
     0.142336     0.009766     
     0.147949     0.010085     
     0.153654     0.010404     
     0.159448     0.010722     
     0.165332     0.011040     
     0.171303     0.011357     
     0.177360     0.011672     
     0.183503     0.011986     
     0.189731     0.012299     
     0.196042     0.012609     
     0.202435     0.012916     
     0.208908     0.013221     
     0.215461     0.013523     
     0.222093     0.013821     
     0.228802     0.014116     
     0.235588     0.014407     
     0.242448     0.014693     
     0.249381     0.014975     
     0.256387     0.015252     
     0.263464     0.015524     
     0.270611     0.015790     
     0.277827     0.016051     
     0.285110     0.016306     
     0.292459     0.016554     
     0.299872     0.016796     
     0.307349     0.017031     
     0.314888     0.017259     
     0.322488     0.017479     
     0.330147     0.017692     
     0.337864     0.017897     
     0.345638     0.018094     
     0.353467     0.018282     
     0.361349     0.018462     
     0.369284     0.018633     
     0.377270     0.018795     
     0.385305     0.018948     
     0.393388     0.019091     
     0.401518     0.019224     
     0.409693     0.019348     
     0.417911     0.019461     
     0.426171     0.019564     
     0.434471     0.019656     
     0.442810     0.019738     
     0.451186     0.019809     
     0.459598     0.019869     
     0.468043     0.019918     
     0.476521     0.019956     
     0.485030     0.019982     
     0.493567     0.019997     
     0.502131     0.020000     
     0.510721     0.019991     
     0.519334     0.019970     
     0.527969     0.019937     
     0.536624     0.019893     
     0.545297     0.019836     
     0.553986     0.019767     
     0.562689     0.019686     
     0.571405     0.019592     
     0.580132     0.019486     
     0.588863     0.019369     
     0.597607     0.019238     
     0.606352     0.019095     
     0.615100     0.018940     
     0.623847     0.018773     
     0.632592     0.018594     
     0.641333     0.018402     
     0.650067     0.018198     
     0.658792     0.017983     
     0.667506     0.017755     
     0.676206     0.017516     
     0.684889     0.017265     
     0.693554     0.017003     
     0.702198     0.016729     
     0.710817     0.016444     
     0.719410     0.016149     
     0.727973     0.015842     
     0.736505     0.015525     
     0.745001     0.015198     
     0.753458     0.014861     
     0.761875     0.014514     
     0.770247     0.014157     
     0.778572     0.013792     
     0.786845     0.013418     
     0.795065     0.013035     
     0.803226     0.012644     
     0.811326     0.012246     
     0.819360     0.011841     
     0.827325     0.011429     
     0.835217     0.011010     
     0.843030     0.010586     
     0.850762     0.010157     
     0.858407     0.009724     
     0.865961     0.009286     
     0.873418     0.008845     
     0.880773     0.008401     
     0.888021     0.007955     
     0.895156     0.007508     
     0.902171     0.007061     
     0.909061     0.006614     
     0.915817     0.006168     
     0.922433     0.005724     
     0.928901     0.005283     
     0.935212     0.004847     
     0.941357     0.004416     
     0.947326     0.003992     
     0.953107     0.003576     
     0.958688     0.003168     
     0.964056     0.002772     
     0.969195     0.002389     
     0.974086     0.002019     
     0.978711     0.001667     
     0.983043     0.001334     
     0.987052     0.001022     
     0.990701     0.000737     
     0.993938     0.000482     
     0.996688     0.000264     
     0.998818     0.000094
	 1.000001	  0.000000
