     0.000000     0.000000     
     0.004336     0.003452     
     0.006747     0.005366     
     0.009674     0.007662     
     0.013111     0.010349     
     0.015018     0.011832     
     0.017050     0.013406     
     0.019206     0.015069     
     0.021485     0.016818     
     0.023886     0.018645     
     0.026409     0.020562     
     0.029051     0.022559     
     0.031813     0.024635     
     0.034693     0.026786     
     0.037690     0.029011     
     0.040804     0.031307     
     0.044034     0.033672     
     0.047378     0.036103     
     0.050836     0.038598     
     0.054406     0.041154     
     0.058089     0.043768     
     0.061882     0.046439     
     0.065784     0.049162     
     0.069796     0.051936     
     0.073915     0.054758     
     0.078141     0.057625     
     0.082466     0.060531     
     0.086907     0.063488     
     0.091451     0.066473     
     0.096094     0.069490     
     0.100839     0.072538     
     0.105684     0.075614     
     0.110630     0.078714     
     0.115674     0.081835     
     0.120815     0.084976     
     0.126053     0.088131     
     0.131387     0.091299     
     0.136815     0.094477     
     0.142336     0.097660     
     0.147949     0.100847     
     0.153654     0.104034     
     0.159448     0.107218     
     0.165331     0.110396     
     0.171303     0.113565     
     0.177360     0.116721     
     0.183504     0.119862     
     0.189731     0.122984     
     0.196042     0.126085     
     0.202435     0.129161     
     0.208908     0.132210     
     0.215462     0.135228     
     0.222093     0.138212     
     0.228803     0.141159     
     0.235588     0.144066     
     0.242448     0.146931     
     0.249381     0.149749     
     0.256387     0.152519     
     0.263464     0.155238     
     0.270612     0.157902     
     0.277827     0.160508     
     0.285110     0.163055     
     0.292459     0.165538     
     0.299873     0.167956     
     0.307350     0.170306     
     0.314889     0.172584     
     0.322488     0.174789     
     0.330147     0.176917     
     0.337864     0.178967     
     0.345638     0.180935     
     0.353467     0.182820     
     0.361349     0.184618     
     0.369284     0.186328     
     0.377270     0.187947     
     0.385305     0.189474     
     0.393389     0.190905     
     0.401518     0.192239     
     0.409693     0.193473     
     0.417911     0.194607     
     0.426180     0.195639     
     0.434479     0.196563     
     0.442815     0.197381     
     0.451190     0.198092     
     0.459600     0.198692     
     0.468044     0.199181     
     0.476521     0.199557     
     0.485029     0.199819     
     0.493565     0.199965     
     0.502129     0.199995     
     0.510719     0.199906     
     0.519332     0.199699     
     0.527967     0.199373     
     0.536623     0.198925     
     0.545296     0.198357     
     0.553985     0.197667     
     0.562689     0.196855     
     0.571405     0.195920     
     0.580132     0.194862     
     0.588866     0.193682     
     0.597607     0.192377     
     0.606353     0.190950     
     0.615100     0.189400     
     0.623847     0.187728     
     0.632592     0.185934     
     0.641333     0.184019     
     0.650067     0.181983     
     0.658791     0.179827     
     0.667505     0.177553     
     0.676204     0.175161     
     0.684887     0.172653     
     0.693552     0.170029     
     0.702195     0.167293     
     0.710814     0.164445     
     0.719406     0.161488     
     0.727970     0.158424     
     0.736500     0.155254     
     0.744996     0.151981     
     0.753453     0.148609     
     0.761870     0.145139     
     0.770242     0.141576     
     0.778566     0.137921     
     0.786840     0.134179     
     0.795059     0.130352     
     0.803220     0.126446     
     0.811320     0.122464     
     0.819354     0.118411     
     0.827320     0.114290     
     0.835211     0.110107     
     0.843025     0.105867     
     0.850757     0.101576     
     0.858403     0.097239     
     0.865956     0.092861     
     0.873414     0.088450     
     0.880769     0.084012     
     0.888018     0.079554     
     0.895153     0.075084     
     0.902168     0.070609     
     0.909058     0.066138     
     0.915815     0.061679     
     0.922431     0.057242     
     0.928900     0.052837     
     0.935211     0.048474     
     0.941356     0.044164     
     0.947325     0.039921     
     0.953106     0.035756     
     0.958688     0.031685     
     0.964055     0.027723     
     0.969194     0.023886     
     0.974086     0.020194     
     0.978710     0.016669     
     0.983042     0.013336     
     0.987052     0.010225     
     0.990701     0.007371     
     0.993938     0.004821     
     0.996688     0.002641     
     0.998825     0.000935 
     1.000001     0.000000   
