     0.000000     -0.000000     
     0.001093     -0.001960     
     0.002451     -0.004365     
     0.004343     -0.007664     
     0.005476     -0.009589     
     0.006746     -0.011736     
     0.008145     -0.014067     
     0.009673     -0.016572     
     0.011329     -0.019239     
     0.013110     -0.022054     
     0.015017     -0.025004     
     0.017049     -0.028075     
     0.019204     -0.031252     
     0.021484     -0.034520     
     0.023886     -0.037862     
     0.026409     -0.041261     
     0.029051     -0.044698     
     0.031813     -0.048156     
     0.034693     -0.051617     
     0.037690     -0.055060     
     0.040804     -0.058465     
     0.044034     -0.061812     
     0.047378     -0.065080     
     0.050836     -0.068248     
     0.054407     -0.071293     
     0.058089     -0.074193     
     0.061882     -0.076925     
     0.065784     -0.079465     
     0.069796     -0.081791     
     0.073915     -0.083878     
     0.078141     -0.085702     
     0.082473     -0.087237     
     0.086910     -0.088460     
     0.091450     -0.089344     
     0.096093     -0.089865     
     0.100838     -0.090002     
     0.105684     -0.089998     
     0.110629     -0.089989     
     0.115673     -0.089975     
     0.120815     -0.089954     
     0.126053     -0.089926     
     0.131387     -0.089892     
     0.136815     -0.089851     
     0.142336     -0.089803     
     0.147949     -0.089746     
     0.153654     -0.089682     
     0.159448     -0.089609     
     0.165331     -0.089528     
     0.171302     -0.089437     
     0.177360     -0.089337     
     0.183503     -0.089227     
     0.189731     -0.089107     
     0.196042     -0.088977     
     0.202434     -0.088836     
     0.208908     -0.088684     
     0.215461     -0.088521     
     0.222093     -0.088346     
     0.228802     -0.088159     
     0.235587     -0.087959     
     0.242447     -0.087747     
     0.249381     -0.087522     
     0.256387     -0.087284     
     0.263464     -0.087033     
     0.270611     -0.086768     
     0.277827     -0.086488     
     0.285119     -0.086194     
     0.292460     -0.085886     
     0.299867     -0.085563     
     0.307349     -0.085225     
     0.314888     -0.084871     
     0.322488     -0.084502     
     0.330147     -0.084117     
     0.337864     -0.083715     
     0.345638     -0.083298     
     0.353467     -0.082864     
     0.361349     -0.082413     
     0.369284     -0.081945     
     0.377270     -0.081460     
     0.385305     -0.080958     
     0.393388     -0.080438     
     0.401518     -0.079900     
     0.409693     -0.079345     
     0.417911     -0.078772     
     0.426171     -0.078181     
     0.434471     -0.077572     
     0.442809     -0.076944     
     0.451186     -0.076298     
     0.459598     -0.075634     
     0.468043     -0.074951     
     0.476521     -0.074250     
     0.485029     -0.073530     
     0.493566     -0.072791     
     0.502131     -0.072034     
     0.510720     -0.071258     
     0.519334     -0.070464     
     0.527969     -0.069651     
     0.536624     -0.068820     
     0.545297     -0.067970     
     0.553986     -0.067102     
     0.562689     -0.066215     
     0.571405     -0.065311     
     0.580132     -0.064388     
     0.588866     -0.063447     
     0.597607     -0.062489     
     0.606352     -0.061514     
     0.615100     -0.060521     
     0.623847     -0.059511     
     0.632592     -0.058485     
     0.641323     -0.057445     
     0.650057     -0.056385     
     0.658783     -0.055310     
     0.667497     -0.054220     
     0.676198     -0.053114     
     0.684882     -0.051993     
     0.693547     -0.050859     
     0.702191     -0.049710     
     0.710811     -0.048548     
     0.719405     -0.047374     
     0.727969     -0.046187     
     0.736500     -0.044988     
     0.744996     -0.043778     
     0.753455     -0.042558     
     0.761871     -0.041328     
     0.770244     -0.040088     
     0.778569     -0.038841     
     0.786843     -0.037585     
     0.795062     -0.036323     
     0.803224     -0.035055     
     0.811324     -0.033782     
     0.819358     -0.032505     
     0.827323     -0.031224     
     0.835215     -0.029942     
     0.843029     -0.028659     
     0.850761     -0.027375     
     0.858406     -0.026093     
     0.865960     -0.024814     
     0.873417     -0.023538     
     0.880773     -0.022268     
     0.888021     -0.021005     
     0.895155     -0.019750     
     0.902171     -0.018504     
     0.909060     -0.017271     
     0.915817     -0.016051     
     0.922433     -0.014847     
     0.928901     -0.013660     
     0.935212     -0.012493     
     0.941357     -0.011348     
     0.947326     -0.010229     
     0.953107     -0.009136     
     0.958688     -0.008075     
     0.964056     -0.007047     
     0.969195     -0.006058     
     0.974086     -0.005110     
     0.978711     -0.004209     
     0.983042     -0.003361     
     0.987052     -0.002573     
     0.990701     -0.001852     
     0.993938     -0.001210     
     0.996688     -0.000663     
     0.998825     -0.000237
     1.000001	  -0.000000
