	 0.000000     0.000000
     0.000450     0.002075
     0.002408     0.005288
     0.004986     0.007368
     0.007281     0.008752
     0.010155     0.010126
     0.013237     0.011345
     0.015933     0.012261
     0.018848     0.013135
     0.021968     0.013964
     0.024719     0.014610
     0.028690     0.015429
     0.031747     0.015983
     0.035409     0.016545
     0.041893     0.017294
     0.048180     0.017821
     0.054294     0.018198
     0.056418     0.018306
     0.060261     0.018475
     0.066094     0.018680
     0.069004     0.018765
     0.077379     0.018982
     0.081676     0.019107
     0.088002     0.019326
     0.092975     0.019494
     0.097967     0.019507
     0.108324     0.019360
     0.111244     0.019308
     0.130884     0.018906
     0.144414     0.018610
     0.157516     0.018342
     0.170575     0.018114
     0.183274     0.017926
     0.195825     0.017782
     0.208386     0.017639
     0.210962     0.017605
     0.220953     0.017451
     0.237335     0.017152
     0.246089     0.016971
     0.263711     0.016591
     0.290097     0.016047
     0.296352     0.015918
     0.316489     0.015499
     0.321482     0.015395
     0.342887     0.014951
     0.346607     0.014874
     0.369291     0.014404
     0.371726     0.014354
     0.395700     0.013859
     0.421934     0.013321
     0.447039     0.012806
     0.472138     0.012290
     0.474928     0.012234
     0.497111     0.011782
     0.501328     0.011697
     0.521928     0.011276
     0.527713     0.011156
     0.546815     0.010746
     0.554271     0.010581
     0.571832     0.010172
     0.580706     0.009952
     0.596817     0.009533
     0.605580     0.009318
     0.617435     0.009073
     0.621733     0.009005
     0.628952     0.008933
     0.640148     0.008932
     0.646623     0.009011
     0.651041     0.009105
     0.661650     0.009482
     0.666855     0.009755
     0.671472     0.010051
     0.677078     0.010487
     0.682101     0.010952
     0.687069     0.011489
     0.691984     0.012099
     0.695939     0.012621
     0.698063     0.012871
     0.701588     0.013203
     0.705645     0.013458
     0.710361     0.013612
     0.715810     0.013649
     0.721107     0.013579
     0.729081     0.013328
     0.736973     0.012952
     0.745678     0.012435
     0.765367     0.010994
     0.770711     0.010551
     0.787740     0.009043
     0.795517     0.008339
     0.799888     0.007959
     0.805243     0.007567
     0.812131     0.007158
     0.821254     0.006701
     0.837795     0.005977
     0.845447     0.005668
     0.863941     0.004950
     0.876284     0.004492
     0.889794     0.004006
     0.910310     0.003308
     0.914725     0.003164
     0.938229     0.002450
     0.943666     0.002296
     0.960144     0.001859
     0.973606     0.001539
     0.980550     0.001382
     1.000000     0.000955
