     0.000000     0.000000     
     0.002683    -0.001891     
     0.004642    -0.002897     
     0.008713    -0.003676     
     0.014664    -0.004171     
     0.018582    -0.004340     
     0.021486    -0.004369     
     0.029307    -0.004554     
     0.038765    -0.005512     
     0.042735    -0.005860     
     0.052818    -0.006243     
     0.067133    -0.008273     
     0.086970    -0.011011     
     0.095838    -0.012655     
     0.103244    -0.014324     
     0.128851    -0.018491     
     0.136645    -0.019232     
     0.172088    -0.020806     
     0.192211    -0.020002     
     0.209875    -0.017957     
     0.247024    -0.009844     
     0.264481    -0.004685     
     0.296380     0.007065     
     0.347572     0.029423     
     0.375925     0.039052     
     0.397672     0.044182     
     0.474377     0.053459     
     0.528223     0.055724     
     0.546111     0.056152     
     0.548911     0.056215     
     0.560332     0.056337     
     0.582590     0.055397     
     0.597676     0.054274     
     0.624462     0.052038     
     0.632741     0.051291     
     0.657693     0.048927     
     0.701085     0.045184     
     0.706355     0.044784     
     0.760046     0.040067     
     0.769803     0.038741     
     0.850520     0.026177     
     0.999647     0.000000
	 1.000001	  0.000000  
