     0.000000     0.000000    
     0.001528     0.002553    
     0.005884     0.004022    
     0.008991     0.005123    
     0.012727     0.006678    
     0.016462     0.008180    
     0.019661     0.009463    
     0.024557     0.011448    
     0.032654     0.014772    
     0.038991     0.017230    
     0.052709     0.021998    
     0.067049     0.026370    
     0.081388     0.030393    
     0.111313     0.037631    
     0.142482     0.043846    
     0.161013     0.047035    
     0.173648     0.048993    
     0.205436     0.053171    
     0.225826     0.055364    
     0.237224     0.056425    
     0.269634     0.058800    
     0.302043     0.060439    
     0.333827     0.061474    
     0.354218     0.061842    
     0.366235     0.061956    
     0.398642     0.061902    
     0.419040     0.061581    
     0.430426     0.061314    
     0.462832     0.060204    
     0.483241     0.059191    
     0.494614     0.058534    
     0.527019     0.056354    
     0.548069     0.054681    
     0.558800     0.053757    
     0.612898     0.048471    
     0.621740     0.047516    
     0.677103     0.041158    
     0.684681     0.040262    
     0.741931     0.033425    
     0.748244     0.032663    
     0.874123     0.017172    
     1.000000     0.000000  
     1.000001     0.000000 	  
