     0.000000    0.000000    
     0.025000    0.010000    
     0.050000    0.017000    
     0.075000    0.025000    
     0.100000    0.030000    
     0.200000    0.044000    
     0.300000    0.050000    
     0.400000    0.052000    
     0.500000    0.052000    
     0.600000    0.050000    
     0.700000    0.045000    
     0.800000    0.032000    
     0.900000    0.015000    
     1.000100    0.000000    
             
             
             
             
             
             
             
             
             
             
             
             
             
             
             
             
             
             
             
             
             
             
             
             
             
             
             
	 
	 
	 
	
	
	
	
	
	
	
	
	
	
	
	
	
	
